-6.081689834590001
-5.20707988739
-5.826789855957031
-6.569803
-9.443380355834961
-3.58383011818
61.1604995728
64.19090271
67.0122218992
76.5311965942
65.66000366210938
65.2833023071289
64.295601
65.952301
66.05809783935547
63.985000610352
65.555801
64.1299972534
66.133301
63.42430114746094
46.48500061035156
51.3918991089
49.079833
68.534401
49.13249969482422
48.33060073852539
64.29889678960001
49.950801849365234
49.91
69.1081008911
49.054970224899996
49.2963981628
47.007801
47.990799
67.816704
52.0750007629
49.1528015137
70.4860992432
64.1932983398
64.04309844970703
61.37110137939453
49.21080017089844
58.4221992493
51.100799560546875
55.7422981262207
53.309700012200004
61.0942001343
49.2103004456
53.578899383499994
79.9946975708
68.30419921880001
63.756402
45.868900299072266
48.74610137939453
54.6781005859375
61.1808013916
61.76020050048828
44.22529983520508
53.625301361083984
48.7752990723
49.77830123901367
47.42470169067383
52.8166999817
49.831699
70.76280212402344
68.635597229
43.173599243199995
45.5175018311
60.8396987915
44.8807983398
48.7738990784
72.6832962036
45.29439926147461
48.5442008972168
50.7022018433
43.460800170899994
54.805301666259766
51.5175018311
43.86220169067383
47.81999969482422
54.125301361083984
53.309200286865234
82.51779937740001
49.9561004639
63.61640167236328
50.330299377441406
56.653301239
51.291099548339844
46.2728004456
45.679501
50.189998626708984
45.521701812699995
49.76169967651367
67.57060241699219
54.404998779296875
58.62139892578125
45.3224983215332
53.214199066199996
56.226898
49.903099
51.4463996887207
49.83639907836914
44.22999954223633
54.286098480199996
58.7672004699707
44.974700927734375
46.7911
52.18220138549805
42.27560043334961
60.11640167236328
49.788299560546875
49.6302986145
46.11220169067383
49.71080017089844
50.43190002441406
48.37189865112305
55.1796989441
51.26470184326172
52.76919937133789
48.9369010925293
46.1614
53.026100158691406
74.7169036865
47.764400482177734
48.52000045776367
52.4296989441
62.8114013672
46.625
45.4385986328125
45.31610107421875
60.020301818847656
72.982201
46.44060134887695
71.9938964844
64.2300033569
55.80110168457031
44.118900299072266
48.569698333699996
43.627499
69.43329620361328
45.4706001282
66.5214004517
68.77610015869999
48.20610046386719
55.151401519800004
53.355800628699996
67.5457992554
48.0532989502
58.096099853515625
65.28160095214844
49.193901062
55.8418998718
44.7458
45.95220184326172
49.909999847399995
52.92190170288086
52.1831016541
63.20940017700195
49.610801696777
53.5724983215
52.170799255371094
50.01890182495117
56.23809814453125
50.11389923095703
66.1449966431
47.697400654599996
53.8894004822
54.468498
43.035599
49.025299072265625
60.7095985413
46.363602
51.113899231
54.82469940185547
58.8363990784
49.46310043334961
46.290000915527344
69.5466995239
48.646900177
56.86389923095703
50.291900634799994
58.739200592041016
53.3191986084
47.618598938
49.41389846801758
50.29029846191406
48.60860061645508
43.6772003174
43.74250030517578
45.88529968261719
62.462799072265625
55.2930984497
53.25429916379999
42.9994010925293
50.680599212646484
54.14390182495117
50.22330093383789
60.17279815673828
44.98440170288086
62.20750045776367
67.40750122070312
36.50360107421875
35.33250045776367
36.7120018005
36.691001892089844
24.292801
26.7234992981
22.8115005493
36.7951011658
33.535900116
36.822201
36.2760009765625
35.4315986633
32.93040084838867
35.3410987854
27.7003993988
36.2126998901
35.54240036010742
35.0167007446
35.6239013672
35.1717987061
35.207698822021484
27.837600708007812
34.793300628699996
30.571300506591797
32.38410186767578
31.673000335699996
27.250999450699997
33.06779861450195
33.764400482199996
29.2371006012
31.917200088500977
28.0515
6.357230186462402
596412.00
11.160099983215332
5.605189800262451
9.55718994140625
7.361830234527588
4.896059989929199
5.261390209197998
7.738800048828125
6.792809963226318
9.38718032837
7.272069931030273
4.746719837188721
6.9031701088
9.006790161132812
7.246739864349365
6.316979885101318
4.976019859313965
6.474269866943359
7.362460136413574
8.440210342407227
9.639829635620117
10.696000099182129
12.0476
11.855299949645996
7.70388
6.5773701667785645
9.652170181274414
5.0154900550842285
12.916299819946289
9.257550239562988
11.1302
13.5024995803833
13.4815
14.875699996948242
16.965999603271484
13.779000282287598
35.75809860229492
36.85100173950195
34.422000885009766
33.87689971923828
33.875
31.704299926757812
34.71799850463867
33.939701080322266
9.767330169677734
6.165609836578369
51.1893997192
50.901401519800004
50.459202
50.817199707
50.63740158081055
51.198898315399994
51.264702
50.981945
51.2936096191
53.306388855
52.203609
54.338253
52.073612
51.889442
52.380001
51.1328010559082
50.979801177978516
50.033333
52.134601593
53.630401611328
52.472999572753906
50.8658981323
51.289501
48.353802
49.498699
51.423889
49.214599609400004
48.689899444599995
52.5597
52.461101532
53.0475006104
49.959999
49.9487
49.473057
50.991604
50.707698822021484
53.5352783203125
54.37944412231445
53.8054008484
51.40230178833008
51.964722
51.230278
51.614101409899995
51.51829910279999
48.425278
48.081402
48.90083312988281
47.671298980699994
53.426998
49.985001
49.794166564941
50.288612365722656
49.2094
47.97333145139999
52.319199
51.417273
53.506943
53.391109
53.502220153808594
53.59639
53.70694351196289
54.77333450317383
54.9132003784
58.99079895019531
58.22990036010742
58.41899871826172
59.41329956049999
58.3074989319
68.362602233887
61.856039
60.254600524902344
60.317199707031
60.6543998718
62.1661
68.607299804688
62.662899017334
62.399501800537
63.127102
65.778701782227
64.285499572754
62.4625015259
63.721199035645
65.987602233887
67.700996398926
63.007099151611
61.144199
61.044601
60.122200012207
61.6866
64.930099487305
61.461700439453
66.564796447754
61.943099975586
67.3949966431
61.414100646973
60.514099121094
60.89640045166
63.050701141357
62.171100616455
64.0547222
54.6575012207
54.39889907836914
54.618099212646484
55.04280090332031
52.453899383499994
52.3697013855
51.89419937133789
51.668095
53.35369873046875
50.44060134887695
51.5051
51.0093994140625
51.833099365234375
51.39670181274414
51.60530090332031
51.382702
53.33359909057617
51.874698638916016
50.422798
50.779998779296875
50.95029830932617
51.187198638916016
49.706104
49.435001373291016
49.20790100097656
50.835602
51.33079910279999
51.148102
51.505299
51.2757987976
51.32389831542969
51.4706
51.5713996887207
50.95610046386719
51.342201
54.9375
53.77170181274414
53.57440185546875
54.1286111
53.86589813232422
53.745098
53.1781005859375
54.08330154418945
55.037498474121094
54.50920104980469
52.8311004639
58.957801818847656
59.87889862060547
58.458900451660156
57.201900482177734
57.54249954223633
55.8718986511
55.95000076293945
55.68190002441406
55.5093994140625
57.48109817504883
60.43280029296875
56.45249938964844
58.215599060058594
56.49919891357422
56.37289810180664
57.7052001953125
52.205002
52.6758003235
51.8849983215
50.73440170288086
51.5194015503
51.8368988037
51.616401672399995
52.409301757799994
52.361900329589844
52.3572006226
51.6822013855
51.75
51.2341003418
51.553001403799996
53.0929985046
52.34260177612305
53.307800293
54.0489006042
53.1661987305
52.648395
-51.82279968261719
52.308601
50.911701
51.4500999451
53.1197013855
51.56740188598633
52.92340087890625
52.4603
53.228599548339844
51.956902
52.1273002625
52.275833
52.166099548300004
51.4491
51.84130096435547
53.300201416015625
53.421299
53.910301208496094
52.18090057373047
52.702
54.280200958252
52.187198638916016
56.2999992371
55.7402992249
55.617900848389
55.525902
56.29750061035156
57.277198791503906
54.699299
55.47669982910156
55.585601806640625
55.06330108642578
54.96440124511719
55.221048
56.550201416015625
57.06880187988281
62.0635986328125
55.9901008605957
57.0927589138
49.6233333
62.5625
69.292503356934
69.976097106934
65.461097717285
67.26920318603516
60.29339981
70.60050201416
58.204201
60.417301177978516
69.055801391602
68.491302490234
61.015598297119
61.583599090576
60.121
59.34529876709
70.486701965332
63.111801147461
69.725799560547
58.0994987487793
62.744701385498
65.783996582031
70.068801879883
59.565701
63.69889831542969
62.578399658203
59.378817
78.246101379395
59.185001373291016
59.791900634765625
65.956802368164
69.68329620361328
59.1866989136
63.4578018
58.876701354
54.377601623535156
50.077702
50.4743
52.421001434299995
50.1100006104
53.584701538100006
54.47890090942383
52.1656990051
51.1026992798
52.138500213600004
56.266700744629
57.662799835205
57.757598876953125
58.4655
57.7747
58.45640182495117
58.31809997558594
59.34590148925781
60.957901
58.78860092163086
55.92169952392578
57.350498
56.68550109863281
55.536305364
56.69110107421875
56.929100036621094
62.04779815673828
67.13240051269531
61.7681007385
63.04859924316406
64.54830169677734
62.528099060058594
63.40829849243164
67.821998596191
64.62480163574219
63.791801452637
64.5791015625
65.59030151367188
59.22370147705078
59.58940124511719
65.543800354004
59.651901245117
59.354400634765625
60.422000885009766
57.525799
60.593299865722656
58.4062004089
58.586299896240234
59.35110092163086
57.662799835205
49.9726982117
49.4369010925293
49.648101806599996
52.59120178222656
51.1146
50.169201
49.743099
53.7677001953
50.9608
53.9182014465
54.459301
50.049800872802734
48.205555
48.7156982421875
51.922798
-28.575001
-29.28179931640625
-32.8970985413
-29.092699050900002
-33.9648017883
-29.6144444444
-33.0355987549
-28.82309913635254
-25.986299514799995
-34.0056
-28.23509979248047
-24.368600845299998
-26.1392
-26.8710994720459
-28.802799224900003
-27.45669937133789
-29.6884002686
-25.938499450699997
-32.968898773199996
-28.5816993713
-30.8574008942
-25.4300003052
-27.626100540161133
-27.7705993652
-34.554901123
-33.6069984436
-33.9849014282
-34.0881601675
-23.937200546299998
-31.605899810791016
-29.649000167799997
-25.333799362199997
-23.845269
-26.670999527
-31.92020034790039
-28.740999221800003
-33.812198638916016
-29.689300537109375
-26.52409935
-27.6485996246
-24.960899353
-23.8243999481
-28.3206005096
-28.39909935
-31.546363184900002
-26.9824008942
-29.770599365234375
-31.641000747680664
-25.6539
-25.829999923699997
-21.15959930419922
-24.6023006439209
-17.83289909362793
-19.97260093688965
-24.555201
-22.0583
-4.251699924468994
-0.5313500165939331
1.6159900426899998
-4.816030025482178
-26.52899932861328
4.39847993850708
4.2215800285339355
1.9054700136184692
3.755270004272461
-7.9696
-20.430201
-19.7577
-7.31327
4.08919000626
4.0060801506
10.451399803161621
5.636919975280762
7.3570098876953125
9.33588981628418
5.536920070650001
6.039239883422852
3.8360400199890137
-12.572799682617
-17.821800231933594
-15.3308000565
-13.258899688720703
-15.254500389099121
-12.998100280762
-12.900500297546387
-11.5337
-12.298100471496582
-12.131699562072754
-12.804699897766113
-20.887100219726562
-21.320899963378906
-18.7969
-19.56279945373535
-17.093900680541992
-18.109500885009766
-20.284700393676758
-12.34939956665039
-16.16390037536621
-14.651700019836426
-13.188400268554688
-14.99940013885498
-14.62969970703125
-15.6668417421
-13.3121004105
-16.744530296500002
-15.436699867248535
-14.278599739074707
-13.375800132751465
-14.898799896240234
-13.484816
-25.03809928894043
-21.441600799560547
-22.805299758911133
-22.119699478149414
-21.201799392700195
-21.7539005279541
-23.383399963378906
-6.269899845123291
-12.609000206
-5.59699010848999
-12.808899879455566
-12.404600143433
-8.85837
-9.525090217590332
-14.657600402832031
-7.754509925842285
-10.722000122070312
-9.689069747924805
-6.141089916229248
-14.924699783325195
-11.768099784851074
-7.60306978225708
-16.755399703979492
1.5431100130081177
-0.6652140021324158
-0.7043889760971069
2.0756399631500244
-0.7117390036582947
-1.5747300386428833
0.5792109966278076
0.458600014448
-1.6561599969863892
1.6629400253295898
0.3781749904155731
-19.79640007019043
-23.876399993896484
-13.274
-15.0331001282
-25.920799
-11.672900199890137
-11.361800193786621
-14.488200187683105
-15.105600357055664
-12.991762161254883
-17.855499267578125
-16.104799270629883
-22.018400192260742
-5.6967
-4.67434
-4.3192901611328125
13.847000122070312
8.624409675598145
12.1337
17.91710090637207
-20.017401
-21.008101
-18.09589958190918
-17.931801
-16.519800186157227
-18.997499465942
-20.055299758911133
-19.436399459838867
-18.629899978637695
-15.679100036621094
-9.953570365905762
-13.014599800109863
-13.7894001007
-11.444700241088867
-29.462299346923828
-4.38575
-4.32666015625
-5.9308600425720215
-3.3113200664520264
-5.035769939422607
0.0226000007242
4.253210067749023
3.2353699207299997
4.157639980316162
2.17066
0.481638997793
2.8276100158691406
1.5657199621200562
2.818350076675415
-2.3089799880981445
-1.6708099842071533
-2.91917991638
-11.5913000107
-10.765899658203125
-5.8755598068237305
-8.642020225524902
-5.90005016327
-6.121240139010001
1254944.00
16.24839973449707
14.481200218200684
14.5128002167
16.730499267578125
13.338000297546387
28.452699661254883
27.814800262451172
28.626499
27.931900024414062
28.945499
28.044500351
28.4827003479
35.279800415
8.61644
6.289060115814209
6.23379
30.325000762939453
28.448200225830078
33.9272994995
31.9475002289
33.87910079956055
34.787200927734375
33.655399
34.051498
33.36750030517578
31.606899261499997
34.29890060424805
30.9391002655
35.177101135253906
35.594299316406
35.726898193400004
1335663.00
12.39533
14.146900177001953
14.739700317382812
16.050800323486328
14.847299575805664
12.57229995727539
13.736800193786621
16.711299896240234
18.570100784301758
16.59000015258789
16.621999740600586
16.159500122070312
18.31
15.179699897766113
20.506799697875977
20.9330997467041
10.350600242615
10.0354995728
11.326100349426
16.7414
16.136499404907227
15.155900001525879
16.58839988708496
16.833200454711914
8.97789001465
6.0393900871276855
14.14680004119873
11.608099937438965
9.624699592590332
8.12876033782959
12.51990032196045
7.66609001159668
11.975000381469727
13.467399597167969
10.018500328063965
-3.3240199089050293
9.518170356750488
10.389200210571289
-0.3773530125617981
31.183900833129883
22.375999450699997
30.12190055847168
30.116399765
27.178300857543945
31.068559
25.671
31.3253993988
31.279399871826172
28.685300827
23.9643993378
28.208999633789062
0.4044579863548279
0.271342009306
-0.0861390009522438
0.9719889760017395
3.1219699382781982
-2.252419948577881
-4.034830093383789
-1.321720004081726
1.73324
25.1455993652
24.178699493408203
32.096801757799994
26.98699951171875
32.6635017395
30.37809944152832
29.11009979248047
30.15169906616211
-1.6771999597549438
-1.96863
-2.462239980697632
19.153900146499996
2176786.00
13.614899635314941
15.387499809265137
11.137999534600002
13.153200149536133
4.87201023102
9.55897045135498
15.589500427246094
-3.3677899837493896
-6.87811
-6.170440196990967
-7.668630123138428
-3.42940998077
-3.376310110092163
-10.339099884033203
-2.4444899559020996
-5.257259845733643
-5.092360019683838
-6.22202
0.042386
1.7276899814605713
41.4146995544
42.56959915161133
43.15140151977539
42.067799
42.696693420410156
42.3766667
43.232101
34.875099182128906
34.71799850463867
34.590401
42.5614013671875
45.46269989013672
44.89350128173828
45.21689987182617
43.53889846801758
45.7429008484
44.108299
38.9485015869
38.28219985961914
36.84389877319336
43.5635986328125
37.84199905395508
43.30110168457031
41.2971
38.891300201416016
43.302101
41.901000977
37.18870162963867
38.872898101800004
36.744598388671875
37.775001525878906
40.471926
36.67490005493164
39.86259841918945
37.17490005493164
42.77000045776367
41.14739990234375
36.645198822
40.95209884643555
43.35649871826172
42.89630126953125
42.3386
40.496700286865234
39.4893
41.7061004639
42.8828010559082
42.2318000793457
43.427101135253906
41.66619873046875
37.417999267578125
50.962100982666016
49.9715003967
50.517398834228516
50.325801849365234
44.17470169067383
44.828300476100004
44.82529830932617
45.65829849243164
46.58769989013672
46.222599029541016
45.86280059814453
46.313477
43.629101
43.380001068115234
43.1786994934082
45.72919845581055
45.039722
45.19810104370117
43.4683333
44.35139846801758
43.91389846801758
43.55630111694336
44.407901763916016
45.62810134887695
44.025699615478516
45.88779830932617
48.109901428222656
47.042686
44.544203
45.0806999206543
48.9821014404
42.55270004272461
42.5244444
41.5005989074707
41.92359924316406
41.66059875488281
41.924400329589844
47.85020065307617
45.638099670410156
45.7867012024
47.058101654052734
46.1920013428
45.725556
46.412498474121094
46.05830001831055
45.9308333
45.36289978027344
44.9216
46.169700622558594
44.89139938354492
46.860278
45.72719955444336
43.542
45.54059982299805
43.215999603271484
43.439271922
43.6584014893
44.140499114990234
42.74039840698242
43.252498626708984
43.57619857788086
43.32350158691406
43.90729904174805
44.502102
49.45439910888672
49.02870178222656
49.53390121459961
50.143501
47.9878005981
48.7733333333
49.38420104980469
47.4322013855
47.08209991455078
48.03139877319336
48.969398498535156
49.253501892089844
49.012798
48.75189971923828
48.7233333
49.096667
48.7741667
47.002601623535156
50.31050109863281
50.563332
50.61840057373047
49.78390121459961
48.447898864746094
49.65010070800781
48.58769989013672
47.289398193359375
48.88309860229492
49.3652992249
47.76060104370117
46.701900482177734
48.53030014038086
49.173301696777344
47.94860076904297
48.069499969499994
48.754398
47.974998474121094
47.153198242200006
48.5378
48.6031990051
47.72330093383789
47.3105556
47.59
47.268902
49.07170104980469
48.325001
48.692100524902344
49.310001
48.538299560546875
43.0973014832
43.75740051269531
47.095500946
46.762901306152344
37.9207
38.602001
40.855899810791016
39.219600677490234
38.34320068359375
39.6963996887207
35.3396987915
40.4463005066
36.2742996216
38.12009811401367
37.06829833984375
36.79330062866211
35.4213981628418
39.601898193359375
35.4213981628
40.913299560546875
40.28609848022461
37.184898
39.917098999
39.650253
37.43510055541992
39.0567016602
38.925498962402344
36.405399322509766
38.1511
35.531700134277344
39.177101135253906
37.689998626708984
36.973899841308594
36.399200439453125
35.21609878540039
38.9676017761
40.51969909667969
37.7509
47.42976
47.48889923095703
38.9972
41.138901
41.432899
40.517502
40.239201
42.431702
40.6576
38.905399
37.466801
35.497898
36.816502
38.175999
38.071201
37.9114
37.401699
40.632099
39.354198
39.251499
40.898701
39.9188
45.6306
45.673901
45.200802
44.050598
44.4133
45.445099
44.824501
44.547001
46.031898
46.460201
44.5354
45.648399
44.194801
45.428902
45.827499
44.020302
45.573399
45.395802
45.395699
45.505299
43.256302
41.7994
41.8002778
42.7603
41.5424
40.886002
43.683899
43.810001
42.759701
43.095901
46.223701
46.47990036010742
45.4734001159668
49.02939987182617
50.202999114990234
49.6963005065918
50.01340103149414
49.42580032348633
50.1008
49.15129852294922
50.216599
32.01139831542969
31.287000656128
29.56130027770996
30.621700286865234
32.80939865112305
32.98099899291992
31.32819938659668
31.208299636799996
29.94029998779297
30.776100158691406
32.11470031738281
35.857498
46.9911003112793
47.260201
48.2332
47.793300628699996
48.110298156738
38.883301
36.97140121459961
41.8578
38.078899
41.5871009827
38.724998
39.455299377441406
37.0144004822
39.092201232910156
38.519901275634766
38.761799
39.828335
37.7411994934
38.554298
37.1493
41.2481002808
33.0733985901
38.7813
38.66550064086914
41.2743
40.725498
43.282901763916016
43.82460021972656
46.17660140991211
46.52190017700195
47.65840148925781
44.50320053100586
44.36220169067383
46.78519821166992
45.41999816894531
44.31809997558594
47.17850112915039
47.025299072265625
44.5711111
45.78559875488281
47.70330047607422
47.6875
45.0625
46.46770095825195
45.809898376464844
46.23809814453125
46.219600677500004
47.092444
46.00429916379999
46.914100647
47.181599
47.464699
47.4850006104
46.53409957885742
40.128101348899996
39.949798584
36.9822006226
37.002101898199996
38.726398468
36.898701
36.9472007751
37.979
40.829399
39.813801
38.435298919699996
38.770401001
40.307430267333984
37.7855987549
40.976898
39.619300842285156
40.31800079345703
39.7840995789
38.2924003601
38.513000488299994
40.73500061035156
36.7131004333
37.140098571777344
38.6068992615
37.893901825
39.7102012634
39.9565010071
40.99509811401367
38.46820068359375
37.929000854499996
37.97890090942383
47.843056
46.92770004272461
41.18
41.961601
36.1511993408
44.8184013367
43.337299
42.359402
42.5728
42.404701232910156
48.17020034790039
48.66310119628906
48.62519836425781
48.63779830932617
49.073600769
21.9175
21.77359962463379
21.515699386599998
18.25149917602539
17.929000854492188
18.450700759887695
18.567399978599997
19.75790023803711
18.42970085144
19.406099319458008
15.468999862670898
14.5833
14.520999908447266
13.936200141899999
15.7425
15.4526
16.4454
16.316799
15.7759
14.06089973449707
15.9268
18.404199600219727
17.935699462890625
18.503700256347656
18.1987991333
17.98859977722168
16.757099151611328
25.865601
21.705601
15.7753
18.834800720214844
29.332899
18.65369987487793
30.3974
24.7644996643
18.50469970703125
27.39259910583496
19.816799163800003
31.63610076904297
28.702899932900003
23.7033004761
20.52239990234375
24.1242008209
21.4195
31.7953
20.521799087524414
27.9689998626709
18.49720001220703
29.095899581900003
19.277
21.2450008392334
25.54949951171875
16.449301
18.0016994476
25.6851997375
20.9935
24.072700500499998
25.989200592041016
25.7698993683
20.937000274699997
32.6306
19.849899292
18.1033992767
26.9557
19.4363
25.7784996033
23.1613998413
31.22610092163086
27.4438991547
16.9999008179
20.6026992798
19.1581001282
31.351987
28.627399
19.396699905395508
20.680099487304688
15.8769
20.6173
26.0089
23.15180015563965
30.930200576782
22.254299163800003
25.568300247199996
16.5636005402
32.541099548339844
22.2964000702
22.0383
19.3370990753
14.7943000793
21.036500930800003
17.996999740600586
19.1459007263
22.8971004486
17.601600647
20.045
19.144800186199998
11.991000175476074
12.141500473022461
14.047200202941895
9.340849876403809
9.458962
8.390999794006348
8.91479
8.973340034484863
8.085599899291992
9.0713596344
9.163949
8.60155963897705
9.98141002655
8.654009819030762
10.2172002792
1473298.00
11.035300254821777
9.95796012878418
9.976490020750001
9.993860244750977
8.951029777526855
9.443160057067871
8.826109886169434
13.4409
18.271099090576172
19.733
18.241100311279297
18.579999923706055
20.365299224853516
20.396400451660156
22.027099609375
22.461000442499998
22.149999618530273
21.6165008545
21.420299530029297
19.96980094909668
19.906499862671
20.08530044555664
22.989200592041016
20.785600662231445
22.33609962463379
20.653900146484375
20.28809928894043
21.834699630737305
23.032800674399997
22.42140007019043
22.49220085144043
21.642499923706055
21.9704
23.034400939941406
20.987600326538086
19.687000274658203
19.292800903299998
24.287700653076172
24.697900772094727
26.5114
25.053800582885742
22.441799163800003
26.745300293
25.41710090637207
25.7383
25.6998996735
23.5625991821
25.474899292
25.2847003937
24.59429931640625
24.8950787333
24.169099807739258
26.5587005615
20.975000381469727
23.1790008545
23.582317
22.379499
25.0389995575
22.181800842285156
23.68440055847168
24.06329917907715
17.539100646972656
-18.830900192260742
-21.2026996613
-17.755399703979492
-18.04330062866211
-21.241199493408203
-18.58530044555664
1.3816399574279785
-1.2244700193405151
-13.2383003235
-13.829999923706055
-14.3310003281
-22.434099197387695
-23.365400314331055
-17.35260009765625
-15.819899559020996
-15.119600296020508
-18.465900421142578
-16.054100036621094
-14.436800003051758
-23.07990074157715
-15.663299560546875
-16.583900451660156
-14.809499740600586
-14.709500312805176
-15.248299598693848
-14.8681001663208
-14.45580005645752
-8.795599937438965
-16.444400787353516
-14.954299926757812
-16.68720054626465
-17.49
-18.074800491333008
-16.42650032043457
-16.7229
-17.699300765991
-21.05430030822754
-20.546300888061523
-20.774799346923828
-22.25830078125
-21.481700897216797
-20.790000915527344
-20.640600204467773
-22.01460075378418
-37.008098602299995
-38.73970031738281
-37.029701232910156
-43.48939895629883
-43.810001373291016
-45.9281005859375
-38.663299560546875
-43.906700134277344
-42.713600158691406
-37.8666992188
-35.26279830932617
-35.06999969482422
-45.211700439453125
-43.76499938964844
-45.53310012817383
-40.97330093383789
-39.00859832763672
-41.298301696777344
-46.41239929199219
-40.20600128173828
-44.970001220703125
-40.32059860229492
-40.904701232910156
-45.0210990906
-38.10919952392578
-37.67190170288086
-44.302799224853516
-44.2350006104
-41.5182991027832
-44.722198486328
-37.92060089111328
-41.3272018433
-39.006900787353516
-35.7682991027832
-41.73809814453125
-39.96220016479492
34.209999084472656
34.39979934692383
34.565899
31.505800247192383
35.93080139160156
36.70690155029297
33.3913002014
36.66510009765625
26.27079963684082
18.240400314299997
25.28529930114746
20.2961006165
19.984399795532227
26.471200942993164
26.265399932900003
16.901100158691406
26.302799224853516
31.412413
27.437901
27.038999557495117
21.6796
27.9009
24.5534
17.611400604248047
28.335199
29.626399993896484
24.957599639892578
30.906600952148438
17.466899871826172
20.46470069885254
28.3654
21.483001
31.692188
26.19860076904297
24.144199
30.371099472
32.434399
30.7444
30.337600708
30.8351993560791
30.55620002746582
31.337400436399996
25.8757
28.9447994232
26.5261993408
26.531999588
29.260299682617188
25.908899307250977
26.810300827026367
34.3459014893
35.24589920043945
32.92890167236328
33.895302
32.75080108642578
37.323333
34.138099670410156
35.68920135498047
36.240101
27.218299865722656
28.726900100699996
30.274400711099997
27.158300399780273
29.550899505615234
32.898101806640625
36.50120162963867
36.4253005981
33.6678009033
37.3833007812
36.9099006652832
28.891799926757812
28.586700439499996
27.3726997375
29.539199829101562
38.4275016784668
38.1338996887207
36.7737007141
31.9048995972
31.09830093383789
25.443300247199996
29.47570037841797
27.2360992432
31.7226009369
31.972700119018555
29.611600875854492
32.3564
29.226600646972656
33.820899963378906
34.589298248291016
24.433000564575195
24.428300857543945
24.248199462900004
25.2527999878
25.112199783325195
25.613500595092773
25.32859992980957
26.17099952697754
20.675399780273438
23.593299865722656
17.038700103759766
17.666000366210938
32.056098938
31.364999771118164
25.233299255371094
35.918800354003906
28.28420066833496
24.9065
31.5216007232666
33.05009841918945
34.3390007019043
32.5630989074707
27.3351993560791
30.20319938659668
26.2194
26.954500198364258
25.29050064086914
33.993900299072266
30.251399993896484
28.383899688720703
33.849700927734375
27.722000122070312
34.8135986328125
28.645099639892578
24.84149932861328
32.3046989440918
31.358400344848633
30.549100875854492
36.18069839477539
33.4114990234375
35.2854
35.401100158691406
34.5574
25.261101
-2.7681200504300003
14.174300193786621
15.119
13.584
13.4834003448
14.999199867248535
7.064760208129883
8.720120429992676
1.9861600399017334
28.20170021057129
7.461870193481445
6.985099792480469
7.36731
5.35698
9.49891
24.4279
22.7549991607666
22.673900604248047
22.57710075378418
23.46179962158203
22.027000427246094
24.264699935913086
22.95039939880371
24.8180007935
23.568700790405273
22.700199127197266
25.069400787353516
25.0777
23.367372512817383
24.023099899291992
35.7647018433
36.16680145263672
36.181098938
24.2896995544
24.784000396728516
33.6622009277
42.7332992554
42.77519989013672
41.7700004578
43.8805999756
43.5774993896
45.4042015076
33.7490005493
33.930000305200004
34.2849006653
44.303901672399995
43.670799255371094
42.0717010498
45.2420005798
30.3855991364
32.66630172729492
33.585899353027344
30.605100631699997
31.80340003967285
31.877199173
33.479400634799994
33.8459014893
32.83729934692383
32.916900634799994
28.430599212646484
27.4255008698
27.83639907836914
36.1427993774
35.394100189208984
36.39459991455078
36.18109893798828
36.64830017089844
34.4361000061
34.7569007874
35.4136009216
35.4921989440918
33.546101
33.82720184326172
34.785499572753906
35.5301017761
34.132801
34.214199066199996
40.73469924926758
38.411899566699994
38.0601997375
40.556400299072266
39.4286003112793
39.6156005859375
40.703201293899994
38.1397018433
35.4546012878418
33.1150016785
34.782001495399996
35.552299
35.74850082397461
35.123173
35.87808
34.84230041503906
37.753601
33.51129913330078
35.140248
35.1795005798
35.59349823
37.444744
37.090599
37.5583
37.23939895629883
35.987955
35.896872
36.630373
26.1958007812
26.3556
24.396389
26.363500595092773
25.8465003967
24.782800674399997
25.9447002411
24.8267002106
24.653900146499996
27.0440006256
24.466899871826172
14.5086
7.1652398109436035
7.83073144787
6.05800008774
6.922420024871826
16.375099182128906
14.129199981689453
12.361499786399998
13.208100318908691
15.729309
11.228035
2142058.00
9.3337097168
2683013.00
10.833017
11.679400444
9.742119789123535
10.765999794
-31.2969
-33.0103
-34.5459
-31.7948
-32.9036
-31.7117
-34.5592
-31.323601
-34.4532
-34.9722
-34.6099
-37.444698333699996
-39.0007019043
-32.8316993713
-35.493598938
-34.588299
-28.5956001282
-27.765556335399996
-29.3815994263
-26.8409
-31.571501
-33.0850982666
-31.9451999664
-33.7299003601
-33.2732009888
-27.4455
-27.45
-26.2127
-25.737301
-29.6894
-30.2719
-27.3858
-26.753611
-24.856000900299996
-24.392799
-23.1527996063
-26.3974990845
-29.1058
-29.2103
-29.7706
-41.9431991577
-45.7853
-42.908000946
-43.2105
-40.8692
-42.7592
-47.7353
-53.7777
-51.6089
-54.8433
-49.3068
-46.537899
-50.0165
-38.725
-37.446098
-36.8899993896
-35.6962013245
-38.3869
-37.9342
-38.949001
-35.8446
-36.588299
-41.151199
-37.2374000549
-37.2354
-38.939701080300004
-40.075401
-8.348349571228027
-21.812000274699997
-10.984000206
-9.8663892746
-21.1413002014
-1.3792500495900002
-31.39049911499
-19.851200103759766
-25.4050998688
-15.86916732788086
-22.3449993134
2.84138894081
-15.861300468400001
-25.0002994537
-19.62444305419922
-20.468700408900002
-27.134199142456
-7.32043981552124
-28.7244434357
-21.698299408
-19.0119438171
-25.5284996033
-17.652299880981
-29.197099685699996
-15.6528997421
-7.59990978241
-22.1751003265
-3.0386099815368652
-6.233160018920898
-25.600278854370117
-27.670278549194336
-3.85493
-3.776279926300049
-22.8099994659
-10.786399841308594
-16.631999969482422
-23.435556411743164
-22.79159927368164
-3.2539100646973
-3.1272599697113037
-4.2423400878906
-14.815999984741
-19.470699310303
-18.4447002411
-5.53129
-21.791500091552734
-7.145833015440001
-26.22450065612793
-7.26992
-23.0074005127
-27.782100677499997
-21.663999557495
-23.333599090599996
-13.2621002197
-5.36858987808
-0.889839
-23.479444503799996
-16.706899642899998
-3.1460399627685547
-9.510809898376465
0.0506640002131
-5.2019200324999995
-5.8113799095154
-26.879999
-28.2817
-5.768056
3.85548996925354
-29.994400024414062
-2.89374995232
-21.843000411987
-28.243999
-31.718399
-9.362409591674805
-10.719400405883789
-22.54960060119629
-8.70928955078125
-9.868888854980469
-8.126489639282227
-22.910499572799996
-21.136388778686523
-22.9324
-23.22920036315918
-2.585360050201416
-23.626110076904297
-20.816600799599996
-23.928056716918945
-12.9086112976
-1.489599943161
-5.0599398613
-3.38294005394
-8.1552600860596
-24.317800521850586
-4.2556700706482
-3.7860100269318
-0.14835
-9.4008798599243
-29.7821998596
-18.883612
-19.764722824097
-21.5900993347
-12.694399833679
-20.258057
-21.984600067138672
-18.348499
-45.916099548339844
-46.58330154418945
-22.498199462890625
-36.58250045776367
-53.002602
-45.594200134277344
-20.535200119018555
-33.393001556396484
-23.444501
-53.253700256347656
-43.18920135498047
-37.40169906616211
-54.93109893798828
-36.772701
-27.1648006439
-40.61119842529297
-28.596399307250977
-34.17369842529297
-62.1907997131
-29.916201
-38.766799926758
-41.438899993896484
-42.93280029296875
-39.6500015259
-1.2120699882507324
-0.4628860056400299
-2.88947
-0.45375800132751465
-2.1574199199699997
-0.906833
-4.37823009491
-2.2991700172424316
-3.2689
-0.9460780024528503
-1.0416500568389893
-0.129166666667
-3.441986
-2.20499
-0.12295600026845932
0.8095059990882874
-25.239999771118164
-27.370554
-23.442363
-22.049999237060547
-26.881224
4.45278
0.505228
9.04554
7.1265
4.70159
2555513.00
6.20292
3.81963
7.92757
922148.00
3.54322
1.81442
9.33274
7.02433
1.58919
4.27624
2.57013
4.42161
0.861925
7.81196
155534.00
-4.19355
6.220549
9.28474
8.82374
1.25366
5.0296
2.95015
8.31506
7.01037
6.18472
4.81267
1.85777
965734.00
1.39625
13.3569
5.21256
6.16454
1228252.00
2.57969
11.1196
1437931.00
2.15217
6.45108
7.06888
5.69076
4.08836
10.435
4.16787
-22.7733001709
-17.421100616455078
-16.976834
-11.040399551400002
-16.5132999420166
-17.962600708
-19.5431003571
-18.975301
-13.762200355500001
-19.007099151611328
-21.5557003021
-14.8186998367
-21.255199432399998
-17.6448
-21.960899353027344
5.4528298377999995
4.819809913639999
3.89759993553
-2.79612994194
-11.411600112915039
-8.37794017791748
-9.149609565734863
-6.787479877471924
-13.154800415039062
-13.706399917602539
-9.347439765930176
-12.0219
-7.169099807739258
-11.7831001282
-15.467100143432617
-17.69499969482422
-3.55253005027771
-5.893770217895508
-6.201809883117676
-3.7847399711608887
-16.3411006927
-8.08141040802002
-13.74489974975586
-6.508739948272705
-18.053300857500002
-12.6135997772
-5.20574998856
-4.5766401290894
-13.535699844400002
-33.3588981628418
-34.838402
-31.438499450683594
9.553375244140625
9.430225372314453
10.111111
8.615
10.042746543884277
8.12216091156
7.625510215759277
8.92465591430664
6.231988906860352
10.175602912902832
10.660014152526855
11.41494369506836
10.450332641601562
6.733333110809326
7.0833330154418945
7.233333110809326
10.574077606200001
9.026944160461426
10.462474
10.794432
11.78077507019043
8.239167213439941
10.5582084656
8.582078
10.912603378295898
10.601194
9.75452995300293
5.6199898719788
10.480500221252441
7.8013200759887695
8.288530349731445
7.566669940948486
7.840829849243164
7.803514003753662
4.554999828338623
7.56538
324245.00
7.883319854736328
8.9451465606689
8.974550247192383
9.088994026184082
7.24938
10.14973258972168
9.34047794342041
9.22202777863
3.37276
17.1367
13.0746002197
15.336700439453125
15.547
14.590999603271484
18.099899291992
16.265301
12.004199981689453
18.337299346923828
17.701900482177734
18.49489974975586
18.308900833129883
18.45680046081543
18.255699157714844
18.00830078125
18.4393997192
17.311199188232422
14.0202
13.7332
1137701.00
12.130999565124512
12.1889
17.49650001525879
18.041000366200002
18.2048
11.149700164794922
10.595399856567383
18.444799423217773
12.699
12.887900352478027
13.156695
43.35210037231445
46.8932991027832
51.02220153808594
42.853599548339844
43.0612983704
40.6090011597
42.364200592041016
51.15079879760742
52.19499969482422
50.351295
50.2458
40.467498779296875
62.093299865722656
62.534698486328125
50.42539978027344
48.52799987793
64.37809753417969
59.9109992980957
69.783302307129
53.16790008544922
46.88869857788086
43.39899826049805
52.026299
56.370601654052734
52.268001556396
51.80780029296875
50.345001220703125
48.07360076904297
48.357200622558594
45.05220031738281
50.40194
49.8125
46.42679977416992
59.80030059814453
68.78170013427734
52.527000427246094
55.126499176025
54.88999938964844
53.864498138427734
53.882499694824
53.7400016784668
53.363800048828125
55.27009963989258
54.96699905395508
45.034698486328
42.81679916381836
44.225101470947266
45.10919952392578
47.493888
43.449902
46.2832984924
48.782501220703125
55.305801
53.39310073852539
60.94929885864258
57.914501190186
61.34370040893555
56.743099212646
37.986801
40.063301
39.08330154418945
38.543300628699996
39.775001525878906
39.70050048828125
41.257900238
53.214199
55.972599
56.82469940185547
51.81420135498047
55.5914993286
61.64699935913086
55.606201171875
51.795799255371094
54.557498931885
53.504901885986
23.0771999359
20.698999
19.862699508666992
19.0886993408
21.9884
23.2877998352
15.859299659700001
22.336201
23.2875003815
21.752199173
20.43440055847168
24.654699
15.3808002472
22.7217998505
23.177799224853516
22.465499877929688
23.1127
24.817199707
16.6646995544
21.317100524902344
21.092199325561523
20.119101
18.58209991455078
21.6487007141
22.3092002869
21.180401
17.6280002594
21.1140995026
24.617700576799997
7.180759906768799
8.30148983002
7.70576
6.821990013122559
7.33776
9.792329788208008
8.5385103225708
12.255200386
11.546600341796875
13.410699844400002
13.531900405883789
28.17530059814453
23.8869991302
23.840599060099997
26.68120002746582
20.244400024399997
22.654699325561523
26.330499649
23.833999633789062
24.744300842285156
24.7600002289
22.8132
26.7315006256
24.30820083618164
24.9129009247
27.295499801635742
27.4839000702
26.11910057067871
25.591299057
23.314300537100003
22.256701
17.721200943
27.588301
21.452199935913086
22.24959945678711
24.15250015258789
23.183799743652344
24.43720054626465
25.759199142456055
24.963199615478516
23.843347
22.308901
27.155799865722656
25.440099716186523
31.7096004486
28.070600509643555
25.4524002075
31.876699447631836
30.270099639892578
28.4221000671
30.673500061035156
26.404301
30.189699
28.5665
26.29330062866211
29.179399490356445
26.251100540161133
26.8242
26.888700485229492
32.6890983582
25.160200119
30.854700088500977
34.1358985901
26.7605991364
32.233611
29.03339958190918
33.987098693847656
24.5623
19.897300720214844
15.132100105285645
16.55660057067871
20.418399810791016
17.988300323500003
22.149599
27.505685
26.708799362199997
27.6966
28.200899124145508
27.159500122070312
26.48150062561035
10.823699951171875
13.1979
15.162799835205078
16.530399322509766
11.029999733
10.152
11.1367998123
14.51
9.152509689331055
17.4531002045
9.83450984955
12.9612998962
12.990005493164062
11.641200065612793
11.968
17.1103992462
11.78330039978
10.722399711608887
13.632499694800002
10.765399932861328
8.48211956024
27.403200149499998
4.191830158233643
13.9125995636
14.1020002365
12.679900169372559
18.27090072631836
18.132200241088867
12.6361999512
15.277299881
16.782899856567383
6.5199198722839355
8.09912014008
7.186560153961182
6.785459995269775
9.547789573669998
8.1132
9.777620315551758
6.93320989609
7.508739948272705
17.386400222800003
17.195100784301758
14.868300437927
17.43910026550293
16.043899536132812
21.221200942993164
137302.00
16.401500701899998
10.1698
10.8187999725
19.769199
21.178800582885742
20.746999740600586
24.899599075317383
21.301599502563477
19.42639923095703
22.9778995513916
21.702199935913086
12.439800262451172
25.38360023498535
23.092500686645508
20.516799926757812
20.890499114990234
16.893699645996094
27.32990074157715
18.824499130249023
20.132699966430664
18.4606990814209
20.483800888061523
16.907300949099998
-5.061629772186279
-1.190019965171814
-3.36818
-4.528279781341553
-2.5769500733
-4.10251
-8.52029037475586
0.63711899519
-0.9185420274734497
1.5492600202560425
-1.41674995422
2.0459899902300003
0.831413984298706
-1.03892
-3.7102599144
-2.9201900959014893
-3.6445200443267822
-2.5322399139404297
-0.8918330073356628
-0.894
3.12385010719
1.4846999645233154
4.808300018310547
4.178979873657227
4.322010040283203
2.2616000175476074
5.032249927520752
5.9372100830078125
5.300680160522461
4.320159912109375
4.944200038909912
0.46078601479530334
1.60919
-6.1255698204
1.16638
767377.00
-0.786917
3.559167
1.55594
-0.34886899590492
-1.816640019416809
-0.15071099996566772
-1.6380200386047363
-3.8637
-2.8982501029968
-0.35280799865722656
5.069509983062744
5.522872024010001
6.189670085906982
5.4659199714660645
6.1668500900268555
3.7753899097442627
4.537220001220703
4.567969799041748
1.64131
2.745579957962
6.329730033874512
2.2633600235
5.3826398849487305
5.297140121459961
-9.30331039428711
-8.54640007019
-8.489029884339999
1.3604199886322021
1.38725996017
1.416949987411499
1.35019
-27.5702991486
-10.9508
-23.806699752807617
-27.384199142456055
-28.1644001007
-16.885799408
-26.4132995605
-20.663900375399997
-26.6033
-21.171699523900003
-20.4950008392
-23.3819007874
-19.252500534057617
-12.6786003113
-38.039398
-36.06779861450195
-37.7281
-42.836101532
-41.54529953
-37.975799560546875
-37.673302
-34.945
-32.09749984741211
-20.712200164799995
-30.789400100699996
-15.7781000137
-22.235599517799997
-20.3777999878
-31.94029998779297
-31.14419937133789
-10.450599670410156
-33.924400329589844
-35.30690002441406
-30.3206005096
-34.04029846191406
-32.2167015076
-29.04159927368164
-33.600601
-33.94609832763672
-31.0839004517
-35.1652984619
40.080101013183594
49.2050018311
39.124401092499994
37.74689865112305
23.39240074157715
28.189199447599997
25.21809959411621
22.608299255371094
22.639299392700195
34.519699096699995
30.7838
39.224098
36.5152015686
34.447102
47.843102
21.973899841308594
25.1019444
24.54400062561035
28.864999771118164
25.935100555419922
30.22949981689453
29.82670021057129
31.742000579833984
31.780000686645508
36.2661018372
31.197900772094727
37.40169906616211
29.719200134277344
26.53849983215332
30.578500747680664
27.989099502563477
39.5429000854
37.03850173950195
43.907100677490234
45.6234016418457
44.5241012573
38.9656982421875
31.143400192260742
2.8181800842285156
3.130579948425293
37.2930984497
30.917699813842773
70.1340026855
68.87509918
69.73290253
19.721399307250977
28.5455
66.91390228
65.99279785
66.57150268554688
61.09740067
61.26639938
62.894401550299996
61.78030014
42.47000122
57.167301177978516
58.646400451699996
56.578300476100004
59.75439835
59.01139831542969
59.3611984253
44.451599
36.68190002
38.55390167
35.2804985046
35.33660125732422
61.2135009765625
35.167301178
36.73199844
32.00999832
47.949299
34.1731
30.7241993
20.79560089111328
34.65449905
40.27669906616211
42.36429977
38.262699127197
43.23379898
40.7187004089
30.626800537100003
37.721298
41.3032
20.8986
37.649899
39.2976
43.13990020751953
59.04470062
36.26150131225586
33.43429946899414
44.80739974975586
26.1972999573
32.38399887084961
34.4945983887
47.61989974975586
26.0012
37.61899948120117
48.6083984375
30.0378
29.6900997162
35.04240036010742
31.4689998627
63.9944992065
31.637800216699997
55.04240036010742
46.871498107899995
34.916900634799994
34.67869949
35.1708984375
36.0225982666
29.359501
33.94250107
33.5882
41.4117012024
39.12950134
39.0488014221
39.08539962769999
44.38520050048828
58.35499954223633
30.20529938
40.692501068115234
43.5644
36.587200164799995
37.9275016785
48.2593994140625
21.48349953
32.3829
32.847099
38.67839813
46.6068000793457
32.86840057
33.534999847399995
33.922798
46.1231002808
36.339199066199996
34.120300293
34.905399
30.126100540161133
19.738783
33.6796989441
36.33300018
41.25310135
37.132499694799996
36.668598175
38.8521
38.285999
28.727500915527
35.9642982483
39.45759963989258
35.414699554443
36.26060104
38.289100646972656
46.68899918
47.07920074
57.75
20.265300750732422
26.072599
48.566200256347656
40.78839874267578
34.4337997437
30.4104003906
32.337299346900004
27.5072002411
39.05530167
40.1935005188
40.85100173950195
42.77870178222656
20.001300811767578
44.93579864501953
35.74110031
27.7651
26.58659935
29.984399795532227
38.810799
36.13370132446289
34.597499847399995
30.778799057
42.9109993
35.43360138
31.80719948
26.228500366210938
33.93880081176758
32.1665000916
30.35269928
30.473400115967
47.961101532
29.64539909
39.701698303200004
62.9612999
61.594898
40.49150085
71.285402
29.607299804700002
48.351799
27.740900039699998
30.9678001404
25.79319953918457
47.449001
35.035301208496094
41.16350173950195
32.3111991882
29.265300750732422
33.81769943
21.5795001984
41.241798400878906
39.7173
38.73030090332
41.0374984741
33.4943008423
41.06700134277344
40.8437004089
35.83169937133789
37.7988014221
26.59300041
32.69919968
31.84950066
32.65660095
32.337501525878906
46.8420982361
60.77980042
38.2280006409
31.588499069213867
21.97599983215332
39.4515
48.54299927
47.20769882
44.20349884
37.50519943237305
32.446602
60.4917984
36.89459991455078
29.9507999420166
32.12760162
41.12403
64.51219940185547
27.91020012
45.126701
30.351801
70.19470215
29.533700942993164
43.118900299072266
28.2348995209
40.85010147089999
44.14500046
35.877601623535156
39.902400970458984
60.57310104370117
34.882401
43.1072998046875
30.715700149499998
31.889099
37.13190079
31.3948993683
34.667098999
32.1161003112793
48.4156
39.136100769
41.07139968869999
35.33940125
41.732601
38.34049987792969
34.20069885253906
42.212398529052734
27.975500106811523
48.9425010681
31.0447998
64.66570282
47.38660049
31.2339992523
31.9424991607666
44.48509979248047
34.30301
40.0155983
33.36989974975586
48.177898407
34.729400634799994
41.50410079956055
48.7284011841
38.5125007629
59.645599365234375
37.74160004
33.91540146
47.6151008606
44.359798
30.0695991516
32.896801
28.102800369262695
47.1376991272
30.194499969482422
39.813801
46.353599548300004
35.81100082
31.138700485199998
38.748697
39.367802
33.9888
39.10329819
33.6367
37.38050079
38.66759872
42.88079834
31.779600143399996
36.77619934082031
27.6556
32.834201812699995
36.1245002746582
27.543800354003906
61.250999450683594
66.88469696
40.29639816
32.4207992554
33.22100067138672
40.77719879
30.396499633789062
41.90779877
31.611299514770508
44.320598602299995
30.2358
35.599899
21.15290069580078
37.907100677500004
31.35770034790039
32.6694984436
39.79539871
44.471900939899996
30.49410057067871
37.1515007019
38.94449997
30.58860016
47.682800292969
42.947200775146484
32.4113006592
38.81809997558594
45.58869934
25.861799240112
26.68320083618164
32.819801
44.6819000244
41.6584014893
47.529998779296875
29.38419914
21.32062
41.534000396728516
35.0730018616
32.7336006165
32.51089859008789
33.97269821
34.055999755859375
33.0677986145
33.30160140991211
42.40919876
25.90679931640625
31.321300506591797
39.008499145500004
39.41659927
42.613463
36.741199493399996
27.77039909362793
43.11119842529297
24.57579994
41.785999
37.362598
32.6875
40.081902
39.861698150635
39.87189865112305
42.40259933
32.69279861450195
33.2369003296
34.62939835
29.52969933
32.829201
39.998001
36.00510025024414
34.64979935
39.8260993958
64.73619843
32.7816009521
37.62189865
29.82530022
32.4122009277
33.45370101928711
44.650901794433594
39.466202
35.182800293
61.174400329589844
31.067199707
48.79280090332031
35.356701
38.88940048
41.736698150635
41.9207992554
30.691200256348
37.4161
35.617099762
22.022800445599998
30.8316993713
19.760099411
31.4177
27.84930038
38.5452
25.907
29.3742008209
26.53619956970215
58.67679977
40.434799
20.962900161743164
40.63980103
25.48859978
33.95190048
39.3683013916
37.9402008057
32.8525009155
40.19979858
41.15570068
37.894199371338
32.89860153
39.49909973144531
55.35559845
42.23789978
34.7373008728
33.56290054
40.03329849
52.71229935
36.2361984253
33.880699
37.62580109
38.69540023803711
42.422199249268
38.805801
42.94049835
41.4333992004
47.90629959
43.043598
37.70100021362305
41.9388999939
26.17580032
36.937599
42.19400024
33.663601
41.9786
26.3784999847
64.81510162
34.3828010559
21.4505004883
41.118301391602
62.1548996
43.99190139770508
33.8297004699707
35.219398
42.55149841
32.5018005371
38.950901031499995
28.45669937
34.270599365234375
30.533199
32.35409927368164
39.1754
34.991317
20.785600662231445
31.32740020751953
32.34149933
55.20610046386719
36.19839859008789
57.04710006713867
40.79520035
44.882
39.67869949
53.900100708
29.99340057373047
43.64619827
35.39310073852539
42.74829864501953
61.13389969
37.082901001
33.67570114
33.6437988281
25.6478996277
36.820702
40.648101806599996
42.908001
30.4832
32.343898773193
24.556100845336914
35.2140007019043
36.08010101
28.429399490356445
34.18539810180664
47.48199844
41.26070023
64.83750153
32.6400985718
13.681099891662598
3.6832098960876465
-2.55803
-2.5311999320983887
-3.0447399616241
-4.081610202789307
5.87412977219
-7.346600055690001
-7.926559925079999
-6.900629997253418
-6.756140232090001
-7.788179874420166
-7.645060062410001
-6.3369598388671875
-6.97273
1.12102997303
-2.74571990967
-2.16219997406
0.922683000565
-0.47918900847435
-3.4423599243164062
-3.4124100208300003
-2.70519995689
-2.22513008118
-8.64064979553
-8.8492898941
-8.5970096588135
-10.171600341796875
-8.48666
-1.26827001572
3.326667
-0.484530985355
-0.0929730013013
-8.560709953309999
-8.5396499633789
-9.66922
-7.3798298835754395
-7.516089916229248
37.46910095214844
18.766799926799997
19.952299118
8.539620399475098
14.94950008392334
17.383800506591797
15.2512998581
16.466600418099997
17.238000869750977
-8.7481698989868
37.9364013672
34.8583984375
34.6328010559082
46.7439
46.3745002746582
42.1599006652832
42.49100112915039
36.58700180053711
34.42620087
29.179899
56.51750183105469
56.92359924316406
55.89390182495117
56.07059860229492
54.96390151977539
55.973201751708984
54.634102
55.729400634765625
40.1473007202
40.7504005432
13.071800231933594
15.291899681091309
15.670000076293945
31.24640083313
41.6102981567
42.176700592
41.6692008972
14.662599563598633
13.6859998703
14.753000259399414
12.829500198364258
14.551300048828125
16.191699981689453
15.476300239562988
14.781999588012695
12.63070011138916
47.988800048799995
38.7719
-34.8222
36.23759841918945
-23.5674991608
37.893299
34.42729949951172
40.70119858
9.665442
69.2432022095
68.822815547
68.7218017578
39.551700592
-12.41469955444336
9.13259983063
62.320499420166
36.027199
41.26369858
35.43619918823242
36.097801208496094
43.582000732400004
-25.1861
42.932598
26.1525993347
5.765279769897461
38.1744
38.13859939575195
37.3255
38.0364990234375
38.0369987488
35.040199
45.77750015
45.807701110839844
45.95479965209961
44.74140167236328
16.913799285899998
44.45000076
44.06010056
43.6072998046875
42.19540023803711
55.40879821777344
18.302900314331055
-44.673301696777344
26.6800003052
34.8956985474
40.47710037
30.40730094909668
42.234901428222656
41.58679962
40.97850037
39.834598541259766
41.884700775146484
43.879002
44.7775993347
40.664199829100006
44.258098602299995
43.90829849243164
40.03919983
39.14099884033203
-35.71390151977539
-25.3188991547
25.649401
4.048329830169678
27.9773006439
41.3778991699
-1.31923997402
-2.45806
-50.2803
-30.528099060099997
39.1223983765
37.036389
30.0618000031
27.39539909362793
32.36399841308594
34.209800720215
41.44850158691406
30.212099
-9.4280004501343
-17.553699
-0.547458
-8.525
55.012599945068
19.450001
46.772701263427734
37.9538002
19.301300048828125
44.0452995300293
33.12829971
42.96540069580078
7.1255202293396
32.697899
-2.4247219562530518
10.57970047
64.6988983154
-39.465801
-17.7110996246
29.2978000641
40.50899887
44.12459945678711
43.514599
42.37419891357422
-42.42499923706055
44.2541008
-41.346099853516
-22.4799
48.4249858939
36.857200622558594
31.919701
28.8005555556
57.189601898199996
40.916099548339844
34.637199401855
39.34510040283203
32.30059814
36.475201
37.06079864501953
11.547300338745117
19.934900283813477
-7.917478
36.92610168
16.1131
48.31050109863281
43.532901763916016
42.20869827
33.262500762900004
18.807899475097656
16.11680030822754
15.229499816894531
12.274600029
33.6192016602
33.7855987549
33.33810043335
33.940200805699995
15.186
5.900899887084961
20.966999
20.68269920349121
41.639801025390625
37.5085983276
16.791400909423828
56.80170059
34.741100311299995
34.059056
20.1656
25.988300323486328
27699.00
17.515
9.95802997234
9.177667
15.403300285299999
13.049599647500001
19.3719997406
43.285701751708984
3.722559928894043
9.57689
50.823055267333984
48.7793998718
28.777599334716797
40.31610107421875
27.686899185180664
27.14739990234375
27.25309944152832
28.780426
28.641399
27.517787
27.303499221801758
28.111099243164062
28.627001
29.2742
27.3509
27.315001
28.586
29.971099853515625
28.985700607299805
29.538999557495117
28.753299713134766
34.991406
36.5798988342
37.6827011108
36.9632987976
36.696899
37.0811004639
37.020495
36.1417007446
25.557100296
51.6024017334
12.1215000153
2781535.00
8.60198349877
18.1781005859375
13.1575
8.178509712219238
10.307499885559
53.633056640599996
53.68111038208008
-16.438601
-6.346640110015869
-10.291500091600001
-17.725299835205
46.91630173
-24.427799224900003
-24.903900146499996
35.95240020751953
29.622299194336
39.57009888
34.4250984192
30.9157009125
35.6542015076
29.818199157699997
32.289398193359375
32.71900177
31.15250015258789
30.735300064087
0.48813098669052124
68.223297
65.21109771728516
64.909697
66.24079895019531
-19.45509910583496
69.3608381154
-17.8115997314
17.645000457763672
39.64260101
68.578826904297
41.5651016235
40.82139968869999
32.516300201416016
34.5676994324
40.451804
35.13850021
38.89390182495117
42.4818
41.3931007385
43.20270157
41.330101013183594
45.546600341796875
39.666389
33.450298309299995
56.230098724365
46.971199035599994
42.0831270134
41.66930008
17.9139
34.848598480225
39.64289856
38.37310028076172
41.338500976599995
47.50939941
-24.493900299072266
-13.848699569699999
-28.8339004517
46.92070007324219
39.123199462890625
13.729999542236328
44.348899841299996
56.380298614502
33.67610168457031
16.6760005951
10.711199760437012
32.8533333333
23.552
6.498549938201904
-25.454516
6.80628
5.17275476456
40.16109848022461
43.616299
29.587799072299998
19.660161
37.25059890749999
36.97999954223633
40.898601532
40.8493003845
-17.944700241088867
-32.79499816894531
46.642502
70.679702758789
71.009696960449
71.02970123291
70.065299987793
35.416099548339844
36.235198974609375
58.13610076904297
32.33259963989258
39.84410095
37.3030014038
40.48120117
35.511100769
37.0442009
38.069698333699996
39.37060165
44.520198822
62.180000305176
49.913299560546875
37.24570084
68.436897277832
70.871399
59.89580154418945
69.31109619140625
45.002101898193
37.151798248291016
40.652099609375
36.281898
47.12189865112305
44.706902
41.70869827270508
55.6171989441
64.60030364990234
51.564998626708984
66.06939697265625
63.18330001831055
43.8601
63.566898345947266
66.00469970703125
65.12110137939453
67.63999938964844
57.78390121459961
62.190399169921875
56.172901
49.670799255371094
60.10329818725586
56.93939971923828
43.9962005615
37.9558982849
16.7285995483
41.14339828
40.978101
34.8292007446
33.220600128174
42.40200043
22.2893714905
-8.87333
-8.70257
-6.990745
-8.1075
-9.7475004196167
-10.449700355500001
-10.72029972076416
-8.327969551086426
-8.09778022766
-7.416940212249756
-11.533900260925293
-9.861669540409999
-7.585559844970703
-7.3305
-8.168060302734375
-5.4223198890686035
-6.024290084838867
-9.08675956726
-10.3114995956
-8.80453968048
-5.462170124053955
-6.1257100105285645
-7.424379825592041
-7.96361017227
-2.57940006256
-6.14774
-2.06189
-6.36332988739
-10.689200401299999
-5.84499979019
-5.27861
-4.34045982361
-2.6926
-5.6433000564575195
60.46445
70.7431030273
61.9921989441
69.251181993
60.715684155299996
65.4124984741
60.141883975899994
60.9172827256
77.4886016846
66.9513015747
72.7901992798
70.7341995239
66.5458
66.21849822998047
65.72059631347656
50.1436004639
52.45249938964844
52.566898345947266
52.372798919677734
52.528099060058594
54.1796989440918
67.0392
63.13169860839844
52.70859909057617
53.84920120239258
52.89390182495117
52.4900016784668
53.965599060058594
53.01250076293945
51.6585998535
52.1133
53.805599212646484
50.674400329589844
50.8307991027832
51.72719955444336
48.65420150756836
53.52470016479492
60.027198791503906
52.9275016784668
59.5614013671875
51.443599700899995
53.68280029296875
63.346900939899996
56.549198150634766
56.01890182495117
52.20140075683594
51.5619010925293
55.076900482177734
49.69419860839844
54.55889892578125
69.3647003174
55.281898498535156
56.35749816894531
76.4261016846
61.0463981628418
49.2943992615
51.69110107421875
55.448299407958984
50.46889877319336
62.417301177978516
53.857200622558594
60.818599700927734
51.47330093383789
59.29669952392578
62.8499984741
52.19559860229492
58.71139907836914
52.302799224853516
49.77190017700195
56.53609848022461
53.01060104370117
53.95830154418945
58.27669906616211
54.93330001831055
58.471900939941406
51.819698333740234
54.98809814453125
49.83420181274414
53.97140121459961
50.18280029296875
64.11609649658203
51.066898345947266
59.250301361083984
56.5377998352
53.84560012817383
53.81779861450195
52.655799865722656
52.9593933975
62.24000167849999
62.17940139770508
56.08940124511719
56.0614013672
47.629699707
52.22639846801758
59.33440017700195
54.839698791503906
52.120601654052734
52.282501220703125
53.44139862060547
54.02750015258789
53.8911018371582
52.943599700927734
53.06420135498047
55.8656005859375
53.5619010925293
58.10689926147461
35.752101898199996
31.645700454711914
21.375
33.5113983154
6.714560031890869
53.8787002563
54.153331756600004
54.185279846200004
62.692101
52.91999816894531
53.4805378105
55.437198638916016
59.19060134887695
59.53580093383789
59.3675003052
59.351699829100006
59.1553001404
59.250301361083984
60.192199707
59.3502998352
50.102798
50.128101
53.2481002808
57.0228
55.0442008972168
57.503502
68.152496337891
64.472198486328
66.363899230957
64.838302612305
67.527801513672
61.830001831055
61.156101
68.243301391602
69.786796569824
70.355400085449
67.654555
53.096801757799994
51.721900939899996
63.194400787354
60.02009963989258
59.444698333699996
60.1576004028
56.29610061645508
64.96089935302734
65.80609893798828
57.35779953
-26.2425003052
-25.3831996918
-24.818099975585938
-25.798400878900004
-21.6924991607666
-21.266701
-18.373899459838867
-22.189199447599997
-4.20635
-13.558300018310547
-11.710800170899999
-18.701273
-18.80501
-19.6867008209
-18.049999
-17.850083
-17.47610092163086
-18.759677
-17.795378
-15.584286
-16.10169
-16.0722693402
-15.833049
-21.426105
-12.4792
-7.400889873504639
-17.0435009003
-15.261199951171875
-1.1846100091934
-1.845139980316162
-2.8499999046325684
-19.15130043029785
9.14444
-14.306900024414062
-26.687400817871094
-17.878201
-28.5847
-22.66189956665
-22.612199783325195
-5.854000091552734
-5.799610137939453
-1.947219967842102
-2.7174999713897705
-1.434999942779541
1.2247200012207031
-6.43833
-3.4170000553131104
-4.329919
60.4252
28.029600143432617
7.5324201583862305
7.944399833679199
7.891290187835693
11.894800186157227
26.7318
23.7183
31.3974990845
27.151699
34.988800048799995
14.924500465393066
14.8850002289
5.78287
9.38638973236084
11.082500457763672
8.553999900817871
5.93513011932
8.1614
6.734
2801928.00
45474.00
2806099.00
11.275300025939941
2.0144400596618652
6.78082990646
1232939.00
31.073299408
27.0464992523
-2.645050048828125
4.20412015914917
-3.2293100357055664
-0.06239889934659004
31.063499450699997
31.861
32.894100189208984
32.788700103759766
17.710344314575195
12.053500175476074
19.4335994720459
-1.332
-4.8862
-9.85111
-1.503
-3.6093
-5.076389789581299
3.049999952316284
2.8055601119995117
20.71310043334961
45.449100494384766
31.535499572753906
33.94860076904297
32.8399009705
42.557098388671875
46.09489822
45.0780983
44.91400146
41.8031005859375
41.87400055
37.787300109899995
31.258800506591797
40.783199310302734
41.78020096
37.22529983520508
46.25080108642578
39.2966003418
48.120201110839844
47.168399810791016
37.76340103149414
41.17829895
44.86579895019531
40.82490158081055
41.67610168457031
34.9911994934082
48.212502
40.967498779296875
34.47800064086914
38.36669922
5.644515
40.09349822998047
46.92969894
41.31209945678711
40.27590179
41.12620163
43.626098632799994
42.156101
40.121700286865234
47.04930114746094
37.326698303222656
43.16949844
46.428001403808594
34.74530029
43.41709899902344
37.74010086
31.467100143432617
42.9098014831543
44.38270187
45.57089996
43.0778999329
40.378501892089844
45.63119888305664
41.5942
43.52939987
35.236801147499996
44.76919937133789
44.38529968261719
38.79100036621094
34.89889908
34.26810073852539
39.94269943
28.85260009765625
30.782499313354492
43.9656982421875
46.56819916
35.154701232910156
42.4609534888
46.71860122680664
47.560299
43.205399
37.4227981567
45.990898
46.686391
45.738499
40.620399
39.671501
44.94139862060547
38.68149948120117
40.562198638916016
37.09429931640625
37.5388259888
39.654541015625
37.7313995361
37.8554000854
39.554599762
41.254501
49.231498718299996
21.444499969482422
21.82602
21.333000183099998
19.2670001984
18.572500228881836
15.7309
14.8656
11.222
15.4722
15.2622
6.08333
20.546
25.053800582886
28.0261
19.4750995636
7.987840175628662
9.356639862060547
7.51777982711792
8.406669616699219
15615.00
10.768699645996094
9.856109619140625
8.533329963684082
9.957050323486328
18.66309928894043
19.9335994720459
21.788299560546875
24.158701
24.6294
24.3153
22.745599746699998
25.08300018310547
-19.96780014038086
-21.895986557006836
-10.376700401306152
-20.13610076904297
-19.842500686645508
-9.01436996459961
-17.7432994843
-17.7779006958
-19.058099746699998
-17.6730995178
-18.566699981699998
-18.115600585899998
-18.1991996765
-16.466699600219727
-16.6905994415
-17.3458003998
-12.482500076293945
-16.8027992249
-21.378299713100002
-19.777000427246094
-15.5707998276
-15.977297
-17.268999099731445
-19.079030990600586
-14.3114004135
-13.742300033569336
-15.5736
-14.428099632263184
-9.76879024506
-9.35167
-8.93611
-13.6660003662
-13.8516998291
-13.3280000687
-17.0902996063
-16.264999
-15.3066997528
-15.4708003998
-16.438999176
-16.4611228
-16.584199905400002
-15.00
-15.865599632299999
-16.0797
-14.218099594099998
-15.472000122099999
-15.505000114399998
-16.8910999298
-16.3297
-16.796100616500002
-16.4864
-14.881699562099998
-20.2492008209
-19.2346
-18.7693996429
-19.516399383499998
-18.856389
-21.096099853515625
-19.720600128173828
-22.588899612426758
37.121101
29.78510093688965
20.504299163800003
33.43539810180664
29.084199905395508
30.297700881958008
37.49300003051758
36.16809844970703
36.663299560546875
36.635799408
27.6746997833
38.3256988525
37.6680984497
24.261699676513672
32.9729
29.348100662231445
35.886600494384766
28.878299713100002
29.961000442504883
31.909400939941406
25.067800521900004
25.3181
27.790599823
25.274700164799995
33.902099609400004
35.33549880981445
26.473100662231445
25.986400604248047
35.5617485046
37.020599365234375
15.9660997391
51.87799835205078
58.4253006
59.46009826660156
62.18830108642578
59.24380111694336
61.53630065917969
62.95289993
62.095401763916016
61.581600189208984
61.5409
56.48429871
-8.05000019073
-7.49686002731
21.21100044
11.340700149536133
26.1598
22.041099548339844
26.224199
43.041000366199995
43.117447
33.149700164799995
35.255001068115234
34.676399231
37.22740173339844
40.1918983459
38.81219863889999
34.073600769
35.90380096435547
34.7588996887
37.441201
38.061298
35.088591
36.717008
14.794400215148926
10.858099937438965
9.253520011901855
6.0536699295043945
5.046991
9.755838325629998
9.072110176086426
13.58489990234375
20.4513
16.595600128173828
17.6433676823
13.576399803161621
12.072699546813965
12.502400398254395
12.369682
11.597700119018555
-22.619600296
-46.53829956049999
-40.7512
-50.336102
-48.7831
-36.5423
-38.4831
-7.21895980835
-12.4822998047
-22.343000412
-22.1968994141
-14.8627996445
-29.711399
-24.6863
-26.311100006103516
-39.29280090332031
-23.478001
-0.910206
-3.99589
0.9785190224647522
-51.685699462891
4.75818
-0.182278
-1.32861
1849711.00
3.85353
5.31911
-10.820599556
-11.107663
-11.00
-14.3044
-14.859199523925781
5.81108
-18.048900604248047
-7.1391801834106445
-9.878809928894043
-14.854000091600001
-27.9067
10.249978065490723
8.624139
-10.870800018299999
17.635799
16.296902
16.0132999420166
16.25779914855957
15.86870002746582
17.205699920654297
18.446399688720703
12.9884004593
12.60013484954834
53.329102
54.77470016479492
47.708302
50.036598205566406
53.20690155029297
40.737701416015625
39.18880081176758
56.913898468018
66.4003982544
70.62310028076172
68.7406005859375
71.697700500488
50.409000396728516
64.734902
59.410064697265625
8.92805957794
47.07609939575195
48.4174003601
47.867000579833984
48.04330062866211
49.924800872802734
48.88420104980469
48.259300231933594
50.60710144042969
48.634300231933594
65.0299987793
59.273601532
69.76329803466797
61.235801696777344
61.88520050048828
53.60200119018555
53.954898834228516
58.47420120239258
51.66939926147461
53.811401
71.97810363769531
67.43720245361328
43.512901306152344
43.2051010132
46.3739013671875
59.2826004028
37.295799255371094
33.4828987121582
46.26470184326172
54.1337704415
48.4838981628418
66.5907974243164
61.028499603271484
62.110001
61.326622009277344
56.82809829711914
58.503299713135
65.48090362548828
62.1585998535
61.108299255371094
55.47529983520508
40.21540069580078
40.7276992798
40.358798980699994
40.9846000671
42.488399505615234
41.58430099487305
38.8335990906
37.28670120239258
58.10419845581055
50.643798828125
51.7505989074707
52.70280075073242
67.48860168457031
54.63999938964844
56.700599670410156
56.090301513671875
54.4010009765625
51.0724983215332
53.110599517822266
54.12512969970703
51.8582992554
15.361700058
5.993680000305176
6.25448989868
13.095600128173828
25.70359992980957
26.10610008239746
25.883899688699998
26.7091007232666
22.801000595092773
20.2572994232
27.678101
26.5708007812
27.5774
28.103599548339844
-0.693342
6.744229793548584
1.8591699600219727
16.699899673461914
12.668299675
20.819400787353516
11.998200416564941
8.73183
10.085100174
21.3974990845
13.955
14.004500389099121
18.7376003265
24.268999099731445
14.103899955749512
10.049300193786621
19.691499710083008
16.444700241088867
16.815201
21.4043
-8.48904037475586
-9.40972
-3.6822
-3.45
2.83583333333
0.8106
2.1555
-2.21655988693
-2.49919009209
-5.661620140075684
-8.132340431213379
2.65000009537
3.4210000038099997
3.9670000076293945
2.90639
3.9739999771118164
4.84917
3.7338900566101074
5.40257
6.922500133514404
-5.240556
-6.266610145568848
3.90871
0.8355780243873596
0.06361900269985199
-3.2860701084136963
5.226679801940918
4.244719982147217
2603510.00
4.13333333333
1.704486
-34.94329833984375
-16.6369
-13.354067
-23.5652999878
-10.149999618499999
-25.897499084472656
-32.0013999939
-20.3581008911
-24.346099853515625
-30.039199829101562
-17.748600006103516
-9.23278045654
-27.411399841308594
-22.913299560546875
-33.4094009399
-23.603099822998047
-24.880211
-31.538299560546875
-29.040000915527344
-10.050000190734863
-20.668600082399998
-32.13059997558594
-15.444700241088867
-28.030000686645508
-30.983299255371094
-13.761133
-36.3005981445
-17.9403
-9.583330154418945
-41.1697006226
-12.019399642899998
-33.684399
-40.0917015076
-28.796101
-23.869699
-13.975000381500001
-34.2508010864
-10.586400032
-18.3367004395
-37.0475006104
-20.815000534057617
-20.66830062866211
-27.692813
-39.877498626708984
-17.431900024414062
-17.45669937133789
-15.485600471496582
-10.225000381500001
-28.87809944152832
-12.498900413513184
-31.5382995605
-12.7869
-28.8302993774
-29.45669937133789
-23.4342002869
-27.843299865722656
-28.61359977722168
-9.949999809265137
-26.6117000579834
-36.9085998535
-12.0944004059
-12.0560998917
-16.4424991608
-34.229198455799995
-28.116100311279297
-29.498899459799997
-22.057800293
-35.8978004456
-37.745601654052734
-16.662500381469727
-9.91666984558
-25.5133
-34.7022018433
-30.3192005157
-17.68409
-23.417800903299998
-30.485000610399997
-32.506900787353516
-18.755300521850586
-23.1711006165
-12.1883001328
-12.269399642899998
-33.131401062
-34.6053009033
-14.896451
-31.4358005524
-38.31809997558594
-26.612199783325195
-12.356399536132812
-26.545000076300003
-28.049699783325195
-25.8938999176
-9.378330230710002
-42.154998779296875
-27.986400604248047
-19.6343994140625
-16.402124404907227
-10.20829963684082
-25.41309928894043
-33.05889892578125
-26.629199981689453
-34.561100006103516
-22.36359977722168
-40.9989013671875
-9.752801
-9.90110969543457
39.782798767089844
42.23500061035156
36.247501
40.060299
40.851398
40.560001373291016
38.28070068359375
43.556702
46.195333
43.91559982299805
21.5394
28.9188995361
29.1028
24.350000381469727
22.006399
24.2075
21.214399
30.3202991486
32.980801
32.1506
30.55655
32.708099
36.4006
33.134136
35.799702
36.5275
36.636902
38.35971
46.250301361083984
46.376399993896484
46.163299560546875
43.59170150756836
47.9541015625
49.663299560546875
27.7936
24.4011
22.793301
27.325599670410156
25.853333
29.3386001587
29.476944
28.965799
34.571667
28.56220054626465
35.04610061645508
24.7964
29.733299255371094
36.646702
37.18709945678711
31.494400024399997
27.7019
27.912201
33.425833
29.3446998596
29.9342002869
30.553600311279297
31.1302
32.3911018371582
28.85219955444336
31.4281005859375
30.79545
29.303300857543945
30.8017
41.262501
38.233611
41.677856
41.69779968261719
45.46655
43.955799
50.1716209371
46.84339904789999
41.10139846801758
47.239601135253906
42.8828010559
19.9205
-27.286399841308594
11.9499998093
53.1067008972168
53.23030090332031
54.3833312988
63.92100143432617
42.26729965209961
30.582199
39.968102
35.116391
39.856899
40.0247
39.49
26.54
47.490200042725
43.165500640869
38.5912017822
60.74720001220703
42.0718994141
17.904399871826172
57.7969017029
42.8582000732
52.806098937988
56.4635009765625
-27.66189956665039
45.39670181274414
33.8720016479
35.387798
40.1171989440918
36.178100585900005
46.17919921875
43.50439835
43.157798767100005
33.30780029
3.61361
68.13359833
62.646702
70.46730041503906
63.76679992675781
61.52389908
64.31909943
62.0605011
67.73619842529297
60.37139892578125
64.72720337
66.249604
63.6864013671875
67.56610107421875
11.057999610900879
60.05059814453125
58.66780090332031
68.1147
5.427060127258301
10.478
9.73852
16.9298992157
67.46330261230469
-18.89520072937
65.2537002563
67.24559783935547
52.387501
39.707901
-0.5833
26.739700317399997
55.314998626708984
42.8414
23.456699
12.3109998703
37.347999572753906
36.909400939899996
33.58660125732422
39.60359954834
46.67250061035156
37.223300933800004
41.61389923095703
66.0696029663
42.5890007019043
42.357601
-8.578889846801758
32.2971992493
32.16510009765625
19.1833000183
31.0818
59.32400131225586
59.4499015808
55.11629867553711
56.95909881591797
59.052799224853516
13.48169994354248
3.299999952316284
-15.411999702500001
41.538101
0.530583
15.7631
48.07109832763672
32.5355567932
-34.855098724365234
-22.9799
-17.634399
39.809898
40.1376991272
38.747798919677734
42.015800476074
41.13819885253906
40.2551994324
15.86439991
23.188800811767578
18.115800857500002
51.2117004395
34.86920166015625
13.361000061035156
-29.7593994140625
-33.3816986084
-31.8885993958
48.13570022583008
47.3849983215
45.7226982117
59.5032997131
-34.810298919677734
-32.787498
-32.037200927734375
-32.5625
-32.701265
18.313289
37.75500107
33.217300415039
35.46950149536133
25.1173000336
-36.24140167236328
45.8184013367
66.5518035889
41.703300476100004
60.12689971923828
47.8382987976
44.9262008667
37.6194
65.65579986572266
41.52090072631836
-20.27611
40.2422981262207
40.41230010986328
36.21070098877
42.59569931
38.509799957300004
43.064201355
45.695098877
51.08
37.297501
-14.521100044250488
-34.94889831542969
50.678404
51.4021987915
52.108299
43.98440170288086
53.782779693603516
-36.7393989563
47.3988990784
18.4500007629
-8.12639045715332
57.773
56.8567008972168
-22.63725
46.54529953
46.160800933800004
46.9575004578
47.1983333
44.5820926295
55.553299
57.560699462890625
52.912777777799995
35.292778
8.71889019012
47.7498855591
44.45869827270508
32.76919937
19.623501
11.1494
49.566667
39.7934
41.61629867553711
46.39830017
37.8582992554
35.6352005
60.1492004395
34.200801849365
36.532082
27.883333
26.856899261499997
-16.1191
42.852500915527
55.564701080322266
5.59611
2444083.00
53.74250030517578
-25.5
49.41559982299805
29.9592
47.057899475097656
27.393999099731445
38.50899887
28.2898006439
30.1819992065
41.7911987305
41.552399
39.22320175
54.26829910279999
29.9766998291
38.68920135
54.33330154418945
38.3442993164
38.84220123
38.662101745605
47.82450104
47.21110153
48.06570053
45.932300567599995
45.92789841
52.358898
33.4049
35.05939865
46.6766014
53.064701080322266
60.709400177
38.0654983521
34.9460983276
24.062700271606445
39.771900177002
43.938999176025
38.53390121
34.376701
33.803398132324
44.2723999
26.92020035
47.2854995728
42.15340042
46.409400939899996
37.053398132299996
38.2638015747
48.11420059
46.7974014282
47.706902
42.837600708
42.0531997681
40.20629883
24.726101
47.13869858
48.094501495399996
44.68840027
37.434898
38.75500107
39.29970169
40.4408989
33.462799072266
34.265499115
44.88970184
45.1237983704
37.62409973
48.5219993591
48.7081985474
46.158000946
44.580399
62.78609848
63.88840103
70.33080291750001
62.6922988892
61.579102
70.2099990845
60.21367264
60.87440109
60.790298461899994
59.876499
61.8642997742
61.7788848877
59.726600647
58.990200042699996
66.6449966431
64.77639771
66.04109955
65.69789886
64.729301
67.0086975098
66.362197876
65.57379913
66.88809967041
35.65879822
36.3186988831
37.28469849
-34.456401824951
-22.85919952392578
33.4225006104
-27.542801
-27.405633
50.318599700927734
57.503601
58.195201873799995
58.2543983459
58.0961
55.131001
55.206298828125
58.1855010986
55.905998
57.5803985596
58.7033996582
56.9387016296
57.5671005249
57.5350990295
67.1063
65.9815979004
66.9759979248
66.9123001099
66.81790161
66.60009766
65.3312988281
64.61470032
64.5504989624
65.2404022217
65.622593
64.689201355
64.9394989014
63.49010086
64.37110138
65.56310272
52.22029877
52.94160079956055
60.080974
62.680042266799994
59.932998657199995
54.8474006652832
56.007499694824
56.0060005188
55.579200744599994
59.7551
63.0306015015
64.8760986328
61.845298767100005
59.980201721191
59.960800170899994
63.0186
60.9029006958
70.6380004883
-38.975498
-37.3905982971
-51.67150115966797
-41.5917015076
-41.320899963399995
60.0773010254
63.32949829
65.830498
61.7005004883
63.886002
64.99759674069999
55.913898
54.9105
61.5886001587
48.50889968869999
50.281898498535156
48.47809982299805
58.7061
58.6175003052
56.7928009033
57.8894
52.04560089111328
54.610599517822266
54.167198181152344
58.49140167236328
54.304199
49.1833000183
48.8545
49.0742
49.10079956049999
64.190804
12.1628999710083
13.949999809265137
13.889699935913086
13.727222442626953
14.7391996383667
11.133399963378906
9.8705101013184
18.907499313354
18.34280014038086
18.245300293
18.338600158691406
-45.013599
-44.048599243199995
-20.446300506599997
-14.427900314299999
1.798609972000122
5.512720108032227
4.111359
1525376.00
5.955560207366943
3.3452799320220947
4.349999904632568
5.865829944610596
5.841128
4.725269794464111
3.959439992904663
5.7081098556518555
5.865340232849121
8.199999809265137
5.277490139007568
-22.639999389648438
8.51667
6.951868
67.648002624512
0.978767
7.59647
7.96847
5.08333
9.50945
-22.921699523900003
-11.885000228881836
-11.73960018157959
-9.31997013092041
-1.6365300416946411
-0.6994310021400452
-2.6730198860168457
-12.078900337219238
-10.4647216796875
-13.5491
-7.22787
-5.118030071258545
-20.592199
-22.2019
-7.278969764709473
-16.586
-25.3875007629
-27.1714000702
-17.8347225189209
-19.563199996948
-3.37217
-4.4063401222229
-4.134059906005859
-0.981292
-14.376899719238281
-14.208200454711914
34.6657
-7.716939926149999
-8.445727348330001
-9.76937007904
11.0340003967
22.5856990814209
39.40190125
7.066999912261963
520716.00
1955784.00
10.350000381469727
11.967000007629395
1922485.00
7.1160634
-3.4584197998046875
-1.406111
0.165083006024
6.8249998092699995
4.3790202140808105
-25.9971446991
15.593600273132324
-3.72472
21.802698135375977
36.075833
36.36277771
-23.885200500499998
23.083299636799996
23.0499992371
41.728185
65.64129638671875
65.99530029296875
65.73169708249999
53.09299850463867
48.9933013916
37.86640167236328
59.282501220703125
68.514999
71.92790222168
64.8960037231
42.0760993958
38.8563888889
31.989853
56.0574989319
34.9878006
40.354400634765625
30.2187004089
33.7790985107
32.604198455799995
30.972222
34.53300094604492
32.882157
25.6746997833
25.053301
25.0863888889
26.32217
40.0798
32.9686012268
30.40010071
46.6758
-46.8997
27.4411111111
43.826900482177734
35.331401825
36.0181999207
23.738100051900002
-6.11527776718
3.3481199741363525
27.379601
30.700500488281
36.305801
35.51279830932617
32.482498
28.321300506599997
26.5925006866
47.7093
48.85499954223633
50.066588
13.855400085449219
37.98809814453125
23.2131004333
41.761101
-20.86440086364746
-17.3700008392334
-30.032800674438477
-11.769200325012207
-17.9416999817
-14.673273
-37.64889907836914
-18.23390007019043
-18.181900024414062
-33.7971992493
40.219200134277
40.5163002
39.3805999756
39.61389923
35.8797988892
34.571098
35.021900177
31.3425998688
2.058609962463379
0.49083301424980164
0.1852779984474182
0.2186110019683838
-2.61611008644104
-2.485830068588257
-1.3547199964523315
-1.31444001198
3.08583
3.3744399547576904
1.0036100149154663
-0.6397219896316528
-1.4744399785995483
-36.83169937133789
-40.81330108642578
-9.19138888889
-9.86054358262
-6.711944
-10.847994
-9.092816
-8.56202777778
27.943399429299998
-14.2172
37.6934013367
37.5108985901
-19.60219955444336
-17.956499099731
33.62670135498
34.015800476100004
33.748401641846
33.622898101807
46.9693985
39.526299
41.444901
33.8755989075
39.145999908447266
27.18169975
40.799400329589844
38.2132
32.572299957275
27.071599960327
26.78499985
30.357106
34.0954017639
-13.2965
-8.282389640808105
19.282100677490234
-22.74530029296875
37.511901855469
35.856300354003906
60.47570037841797
32.826198577881
11.6335000992
21.216999053955078
39.319999694799996
43.4175
-38.224998474121094
45.6994018555
37.016700744599994
40.754501
27.988899
27.8112
33.5741996765
39.895308
45261.00
39.5890007019
41.013500213600004
-35.7558462874
38.3320999146
51.6116981506
50.6781005859
44.48030090332
54.57970047
34.9786987305
-32.9496
41.506401062
39.90879822
44.90950012
34.680999755859
-8.524999618530273
42.8152008057
43.110401
42.620300293
33.97809982
36.964500427199994
36.039600372314
25.0268001556
48.54280090332031
30.92449951171875
37.706401825
55.8783
24.9380555556
44.688999176
31.863800048799998
38.8308982849
38.8041992188
60.81809997558594
39.09780121
34.47090149
29.2112998962
41.6072998
37.9897003174
25.325399398804
32.836388888900004
33.7908333333
43.922798
48.3693008423
22.221638
39.2109985352
39.840301513672
18.4696998596
-12.903300285339355
-12.658300399780273
8.397130012512207
39.068698883057
36.0089988708
35.205101013184
32.1
51.8563995361
42.114222
46.11800003049999
-20.78969955444336
8.667
45.372501373291016
-4.29333
39.427898407
32.4095993042
32.954899
33.42039871
35.39730072
40.61529922
41.80559921
40.875198364300005
38.0960006714
30.901599884033
35.9728012085
50.60350036621094
31.4290008545
51.3891983032
33.6883010864
50.9667015076
40.7288017273
37.573125
63.7326011658
66.814102172852
-19.149999618530273
24.18630027770996
40.1749992371
15.300000190734863
24.896356
28.0867996216
45.82080078125
45.407003
23.7206001282
-19.149200439453125
-18.81279945373535
51.7211112976
54.30888748168945
45.54940032959
45.540401
33.3334007263
23.083
43.5918998718
44.286998748779
40.1506996155
38.143600463867
42.161098480199996
45.4182014465
44.020500183105
45.6184997559
39.168300628699996
33.12575
45.86439895629883
-19.26189994812
50.266700744628906
-26.83060073852539
45.09280014038086
-21.5130558014
44.53459930419999
32.6809005737
45.621994
41.3496017456
41.1680984497
60.471000671387
60.54140091
70.4882288244
49.242531
30.9715004
50.259701
50.1958007812
53.4693984985
34.2593002319
36.9886016846
49.0555992126
73.0058922479
4.285833
1707570.00
5.48306
48.2223
8.63333
26.342778
-30.974599838256836
-18.672800064086914
-22.166859140899998
-6.763100147250001
-8.033289909362793
-6.6413
-21.247299
-11.632399559020996
-26.78840065
-4.871520042419434
-6.639530181884766
-27.180599212646484
-26.059200286865234
-10.634400367736816
29.72750092
-23.7987003326416
-18.232000351
-2.5326099395800004
-3.46792950765
-7.532120227810001
-0.3786
-1.7140799760818481
-15.355199813799999
-21.71500015258789
36.299217
33.9225
27.49510002
41.909
41.597099304199
42.1904983521
42.157799
41.50999832
40.2170982361
41.371498107899995
42.7817001343
42.717201232899995
41.47859954834
34.3506011963
33.972599
33.98289871
34.72290039
33.0089
32.8406982422
34.27259827
40.470901489258
32.2243995667
33.4664993286
35.820202
37.5617981
34.59379959
49.568599700927734
7.7258300781199996
14.25
3.46972
30.3202991486
8.610469818115234
7.767000198364258
65.797203064
61.589699
32.9875984192
-34.1963996887207
-30.59830093383789
-32.006699
-30.83810043334961
52.991100311299995
48.75529861450195
49.71419906616211
49.19309997558594
48.21030044555664
49.083900451660156
47.96670150756836
45.84280014038086
39.01119995
26.247100830078
-37.59830093383789
26.48
-22.254199981689453
-8.757322
51.736099243199995
36.5258333333
37.0821990967
35.13180161
52.451099
45.293
33.3996009827
50.62810134887695
63.686901
42.7606010437
10.81874
29.3519
47.26789856
30.29050064
-0.942628026009
49.359699
34.36690139770508
-31.470600128173828
40.986801147499996
39.615398407
-15.51140022277832
56.9667015076
54.5499992371
43.2117004395
41.51779938
41.351898
42.259799957300004
40.1375007629
27.262800216699997
27.45639992
27.59119987
28.062901
28.2282009125
29.17259979
33.649399
34.2835998535
34.6099014282
35.23740005
35.765300750732
41.13560104
41.51750183105469
42.49330139
39.942901611299995
40.617401123
41.639702
27.9766998291
41.85879898071289
33.8116989136
46.974444
41.2971992493
41.683998107899995
70.6804279261
40.926
38.18249893
44.048500061
25.995001
46.0093002319
43.9706001282
44.6369018555
44.3602981567
41.8311004639
42.584201812699995
55.511667
46.35279846191406
36.773899078369
40.459899902299995
56.43920135498047
44.93450164794922
61.26150131225586
15.709439207700001
73.51780700683594
51.66859817504883
-22.6790008545
39.363800048799995
-0.4635080099105835
-1.5219999551773071
-0.3899
-2.9106099605560303
-19.8392214824
-24.235694754699995
65.43729400630001
51.9667015076
43.7711982727
44.5452003479
66.450861
54.1577796936
-7.719895
40.7533988953
-0.7761110067367554
-1.5052399635299998
36.6218986511
34.665599823
39.97900009
31.55970001220703
38.746398925799994
40.826667
41.562222
44.2644996643
62.7890014648
62.103484
29.5133333333
40.706902
39.745201
31.15180016
40.7724990845
33.3116989136
35.22010040283203
47.4930992126
34.091598510742
29.6354999542
34.6719017
37.694499969499994
52.090801
41.10129929
-23.1833000183
-14.734814
-17.55940055847168
21.3074
34.81700134277344
42.066944
41.428538
-28.09939956665039
51.240278
44.312801
3.47055555556
26.338661
44.5657997131
-21.668300628662
-24.99329948425293
40.0393981934
49.945278
37.461101532
64.550003051758
33.4608001709
32.5634
42.665500640869
9.1605596542358
42.898399353027344
34.5593986511
23.1240005493
0.7324
51.351898193359375
-27.4966
-26.5398006439209
30.1575
60.788299560546875
41.639198303200004
43.0308
38.942902
-14.815
57.866100311299995
50.270556
6.284467
31.382400512695
31.26479912
-22.939501
-21.875401
42.916698455811
24.283611
45.2907981873
12.48799991607666
36.0788888889
39.2666666667
51.2136001587
50.371389
-26.774999618530273
37.659198761
-41.12329864501953
-20.277221
42.2229995728
-36.42890167236328
-34.4213981628418
-25.61440086364746
-31.526399612426758
27.267066
60.7206001282
44.2726
39.9766273499
37.445663
39.113079
56.381099700927734
-33.0667
-20.803300857543945
37.78889846801758
49.10559844970703
-22.979162
-33.6884231567
67.4805
-29.888299942
-29.674999237060547
26.43320084
-5.7645702362061
27.8025
37.183799743652
43.76959991
-22.290754
29.50200080871582
32.5106010437
32.85480118
-22.2554
26.168300628699996
51.590999603271484
36.898899078369
-17.0132999420166
43.3412017822
39.325699
43.991100311299995
30.042400360107
47.77429962
30.0706996918
40.19919968
-31.332500457763672
28.514799118042
-16.8169994354
32.5143055556
-0.3644140064716339
29.722499847399998
44.8272018433
-12.075833
38.84759903
7.956669807430001
54.079444885253906
16.895999908447266
44.4852981567
43.19169998168945
45.2575
38.72140121
29.1086006165
38.8592605591
41.31420135498047
37.683333
29.323056
34.8105
36.994601
64.667
65.7485
60.356998443604
58.60279846191406
60.397499
43.4318
60.201681
47.655601501465
11.967000007629395
11.782999992370605
15.012200355529785
65.13189697265625
40.233299255371094
-3.235
38.058200836199994
-37.88750076293945
46.39310073852539
41.3918991089
46.676998138399995
41.27479935
31.9512996674
35.91899872
32.615101
32.56439972
-18.29560089111328
44.49720001
-29.716
-33.84469985961914
41.195899963379
40.1755981445
47.233600616455
60.69029998779297
60.70289993
48.75
5.215277
27.266700744628906
6.358864
40.3330001831
-9.133000373840332
-20.754199981689
38.8018989563
-11.496
35.570499420166
-42.340388
36.161201477051
35.668098449707
35.9499015808
35.3398017883
37.168598175
35.53419876
32.5401992798
32.215301513672
34.804298
30.9057006836
46.351398468
36.2228012085
36.572898864746094
61.2750015259
34.71289825
32.401895
37.3647
62.185001373291
22.756399154663086
6.204167
2492872.00
-10.216699600219727
-10.682999610900879
30.7403
41.105301
46.7463888889
27.5895
47.7520555556
26.2605555556
11.333000183105469
-27.558332
42.2538888889
31.2631
-3.7018
-2.1033
-2.721
2.25973
45748.00
-5.486879825592041
1.1852799654006958
4.00694
0.3847
-1.1278
-3.97648
-4.9071
-4.71075
-22.773099899291992
-38.2952995300293
-20.701900482177734
-17.5813999176
3.642222
43.322101593
36.703999
34.086102
32.367000579833984
28.066099166870117
48.70560073852539
69.04029846191406
29.336999893188
30.88570023
30.371099
30.384199142499998
11.297355651855469
20.6413002014
-33.378299713134766
34.1115989685
41.7193984985
33.970500946
34.758301
34.4030990601
16.690299987793
42.872200012200004
8.375880241394
28.82309914
-22.289199829101562
-20.180700302124
46.68
46.814998626708984
-8.31015
43.4225
33.97470093
24.0589008331
22.621299743699996
35.67290115
39.509945
37.513401031499995
24.805
34.74110031
-22.96669960022
-20.646499633800005
-23.441099166870117
-16.075300216674805
50.85940170288086
-1.059722
48.199494
-27.84939956665039
26.609417
26.972
31.626
40.7386016846
47.3106
26.9053
32.53154
39.166801
43.322299957300004
33.569900512699995
34.847900390599996
18.72719955444336
31.860399
31.29969978
-9.15380555556
-9.135916666670001
-9.14355555556
-9.107777777779999
32.914699554399995
-14.25
-11.40250015258789
25.273056
57.3816986084
40.452099
37.70159912
40.791000366199995
41.2592010498
40.528198242188
40.937999725299996
36.6851005554
37.1584014893
28.9733009338
33.636600494385
37.09400177
40.4374008179
52.934700012200004
41.44910049
45.2901992798
53.481899
41.137503
40.435199737549
51.207340469900004
33.9230995178
41.985500335693
-17.89229965209961
27.915599822998
-22.770999908447266
-21.219299316399997
-22.4785003662
-6.132999897
-1.048109
-10.188278
-10.305832862854004
-11.419444
-9.979443550109863
-11.2966
-16.04360008239746
-14.661999702500001
-13.574443817138672
-14.9942
2.18278
-9.775360107421875
-6.8463897705078125
-7.0620598793029785
0.575
-0.21699999272823334
41.0765
41.45399857
5.1561
-7.9886097908
-32.33789825439453
-32.36330032348633
-30.400699615478516
-36.669700622558594
-35.37580108642578
-16.966
-5.80091
-5.39444
14.814715357
-26.781600952148438
43.96250153
37.332901001
24.38604
27.1667003632
26.9662
2.211
1893174.00
-7.50025
40.966047
37.5497
27.5622
1.123428
64.9308013916
38.542222222199996
44.895
46.804169
56.2682991027832
36.132629
53.3191986084
36.9356994629
26.88456
36.8932991028
-29.0132999420166
52.6067008972
35.405033
26.4263
-25.801700592041016
49.7817001343
53.754699707
50.58219909667969
43.285599
55.687198638916016
61.9706001282
48.778499603271
48.563903
49.3683013916
60.78919982910156
44.5458450365
60.235801696799996
57.256099700927734
56.513301849365234
48.85689926147461
47.59749984741211
44.5903015137
45.6567001343
42.77000045776367
45.4603004456
44.94580078125
47.157501220703125
50.24810028076172
62.410301208496094
50.682802
56.0374984741
55.7491989136
49.01559829711914
54.51890182495117
55.31890106201172
55.58890151977539
52.9965258788
49.520599365200006
55.935410448
49.4296989440918
53.6022
57.6493988037
52.00078
55.944721221900004
-28.36009979248047
-20.5534
-11.167900085449219
-14.482999801635742
-22.462200164794922
18.4433333333
38.89030075069999
45.8662986755
39.2619018555
31.1793003082
37.3731002808
44.837299346900004
42.58509827
36.3689002991
42.307300567599995
42.542598724399994
43.0726013184
37.668800354
30.3362998962
35.9513015747
38.715000152600005
34.85369873
32.262298584
36.6194
34.7663002014
30.65040016
40.803398132299996
46.025199890100005
30.5112991333
40.0663986206
45.54650116
31.17849922
37.778099060058594
33.92079926
43.89220047
30.39109993
33.456798553467
41.10660172
31.27569962
42.79550171
41.6265983581543
38.872100830078
44.54719925
36.662799835205
38.06019974
39.125999450684
34.384300231934
30.7469005585
42.85779953
40.8965988159
36.438
39.9444007874
40.370701
40.213889
40.403
44.088001
44.935299
15.991999626159668
14.3824
2565008.00
22.756099700927734
22.095300674438477
24.4499
18.297300338745117
24.709800720214844
27.820499420166016
35.776100158691
28.9347991943
33.8690986633
32.04859924316406
35.76720047
64.54730224609375
61.5717010498
34.143902
26.7220001221
6.366819858551025
8.19594955444336
6.949091
-20.584499359131
-23.04010009765625
-22.14109992980957
-26.332500457763672
-35.37779998779297
-38.245601654052734
-25.564300537109375
4.07607
9.40092
5.48361
5.87615
0.7459
-6.067860126495361
-5.59248
42.58792
63.75666809082
68.556602
48.926998138399995
53.154999
47.682098388671875
66.0548324584961
66.7965011597
17.013599
8.04981
23.6225
14.1492996216
54.824
-23.646099
-37.30939865112305
-36.55189895629883
-34.623600006103516
-29.973899841308594
-33.70970153808594
-35.99470138549805
-36.18280029296875
-34.6239013671875
-28.591699600219727
-35.5593986511
-22.62220001220703
-36.15719985961914
-33.363602
-30.96109962463379
-34.53139877319336
-35.715301513671875
-35.751399993896484
-31.074399948120117
-26.580799102783203
-38.207199
-17.06920051574707
-14.722800254821777
-32.214698791503906
-33.23889923095703
-40.834999084472656
-11.422800064086914
-37.07170104980469
-29.451099395751953
-35.26279830932617
-36.41579818725586
-36.32109832763672
-31.733299255371094
-38.090827
-33.9371986389
-34.25559997558594
32.389400482177734
32.591667
38.201984
46.660301208496094
32.8477333333
32.25788497924805
31.3906
42.91170120239258
40.542524
52.38
17.2313175201
9.35768985748291
11.14479
-23.93000030517578
3.102220058441162
-24.42329978942871
53.72472381591797
48.4709014893
-28.521400451660156
35.060699
34.652698516799994
37.03179932
-24.860000610351562
40.9478988647
71.219167
38.74831
-2.66222222222
-7.216286671410001
32.4827003479
-26.108299255371094
-25.205799102800004
-25.5946998596
-28.6753
-18.362967
55.7118988037
43.4221992493
45.013500213600004
40.10860061649999
45.385799
64.99140167236328
43.019298553467
-20.434700012207
36.45819855
36.74150085
35.612998962402
36.29090118
35.700901031499995
-15.957725
50.7688903809
51.780102
34.60680008
37.125286
19.13824
-20.018299102783203
41.129722
44690.00
11.432999610901
7.8060193061829
-22.54
26.802
-17.524499893188
34.915699005127
-8.70743498008
-1.410277
-1.226666
37.32989883
21.6475
31.2490997314
14.67
38.8404998779
-36.98529815673828
-25.1847
17.533153
-26.799999237060547
58.83369827
68.1252746582
11.427542
67.9406628551
68.3126574861
68.85792599759999
69.0809150007
69.9958611087
68.6342530984
60.6197196536
68.14088100629999
-7.125833
-12.479177
-27.227366
47.09115
63.294998
67.792
70.011001586914
63.458057403564
43.9584007263
49.1903
59.876389
68.03209686279999
1.6169999837875366
33.721666666699996
31.774878
-14.083600044299999
10.482833
10.298333333299999
12.898500442504883
-26.358611
-8.91123
-3.3633298873901367
-11.13700008392334
33.5312004089
45.505278
33.788
28.3797
44.938114
47.11
27.81638
25.4525
41.1225
48.445
42.0155
39.225
45.487222
34.418066
38.281055
27.9412002563
23.273889
22.415833
27.5403
-11.641599655151367
38.597456
47.865833
31.4338
15.1749666667
19.688611
18.8799991607666
-7.0242
-2.0991199016571045
0.8454310297966003
1.0527
-2.093
-3.8548
-3.235569953918457
-5.7722201347399995
-2.080509901046753
-1.1593
3.45571994781
1.1027
-4.760557
25.653601
19.2436
28.212799072265625
26.510066
19.501944
-11.164999961853027
-22.673900604248
-16.74810028076172
-16.758899688720703
-36.80889892578125
-4.8557
-14.176799774169922
-16.68670082092285
-19.28499984741211
-18.780000686645508
-17.544700622558594
-16.045
-15.780799865722656
-17.355300903320312
-7.6217
-6.099219799041748
-18.4946994781
36.12888
0.18299999833106995
-30.9575
41.275278
59.442401885986
62.418303
-12.5183
10.529167
26.601473
11.918614
-38.9259
-24.744165
32.192699432373
33.560713
43.774799346900004
-2.813667
-3.417209
37.803
-12.421099662780762
40.4955422161
42.4548988342
25.737499237061
40.580299377399996
35.235947
-8.919942
-3.73956
29.723694
23.640556
8.612203
-27.2611999512
