145.391998291
145.789001465
144.29600524902344
146.725977
147.22000122070312
143.669006348
-45.4259986877
-51.6781005859
-50.7116031647
-68.7032012939
-18.07270050048828
-14.401399612426758
-15.2272
-17.426001
-23.135299682617188
-22.605600357056
-23.965
-21.9405994415
-18.9167
-20.278900146484375
-84.5093994140625
-56.083099365200006
-125.775583
-89.808098
-68.20439910888672
-70.99639892578125
-96.077796936
-125.27100372314453
-99.951897
-105.138000488
-123.869862556
-117.632003784
-65.449203
-66.330299
-115.143997
-111.444999695
-121.939002991
-68.5167007446
-83.3593978882
-139.1280059814453
-139.04100036621094
-57.39139938354492
-130.031997681
-100.052001953125
-120.18299865722656
-113.580001831
-94.07080078119999
-102.966003418
-116.464996338
-85.814201355
-133.483001709
-68.555801
-66.53720092773438
-69.09719848632812
-101.68199920654297
-113.690002441
-121.23699951171875
-76.5969009399414
-77.7042007446289
-64.4785995483
-86.93939971923828
-61.778099060058594
-102.310997009
-92.744202
-117.80599975585938
-95.84970092770001
-79.93499755859999
-73.4169006348
-115.782997131
-63.5085983276
-91.6386032104
-77.9666976929
-73.28109741210938
-58.54999923706055
-120.444000244
-80.3786010742
-66.8052978515625
-109.180999756
-79.37000274658203
-83.3467025756836
-108.52300262451172
-110.072998046875
-62.2806015015
-119.377998352
-135.8679962158203
-105.55899810791016
-111.222000122
-80.60780334472656
-75.9906005859
-74.038696
-61.78919982910156
-75.5635986328
-77.80280303955078
-139.83900451660156
-110.27899932861328
-117.16500091552734
-75.66919708251953
-105.672996521
-117.446999
-98.273817
-90.21420288085938
-64.2885971069336
-78.36329650878906
-130.445007324
-111.11699676513672
-79.30329895019531
-71.393303
-113.89399719238281
-82.95559692382812
-128.82200622558594
-94.36309814453125
-112.800003052
-64.67859649658203
-124.88700103759766
-104.66600036621094
-89.32389831542969
-118.885002136
-102.46199798583984
-108.24400329589844
-54.56809997558594
-60.047798
-122.51000213623047
-94.9693984985
-69.58470153808594
-72.2656021118164
-114.903999329
-92.1157989502
-80.79889678955078
-71.69139862060547
-65.89029693603516
-111.96199798583984
-84.613602
-63.83359909057617
-125.242996216
-76.5267028809
-97.86419677734375
-77.5280990600586
-81.376701355
-79.396202
-133.0260009765625
-73.7407989502
-86.22470092770001
-81.2425
-78.83560180664062
-105.262001038
-110.823997498
-64.03140258789999
-77.7827987671
-68.4269027709961
-126.7979965209961
-123.183998108
-108.417999268
-81.107201
-77.31919860839844
-97.2398986816
-66.8644027709961
-122.054000854
-123.43699645996094
-115.78199768066
-113.521003723
-106.69999694824219
-110.72100067138672
-120.73999786376953
-91.9052963256836
-65.71360015869999
-79.8473453522
-122.679000854
-128.576009
-81.1539
-122.36100006103516
-135.067001343
-79.422798
-114.019996643
-127.18299865722656
-122.597000122
-119.60199737548828
-63.12110137939453
-93.5766983032
-123.426002502
-101.07599639892578
-107.691001892
-94.06500244140625
-60.4258003235
-52.7518997192
-82.46749877929688
-88.90969848632812
-68.20809936523438
-79.63059997559999
-79.4655990600586
-82.56780242919922
-114.44000244140625
-114.777000427
-131.813995361
-82.30889892578125
-127.36699676513672
-115.78700256347656
-66.2656021118164
-132.7429962158203
-64.91690063476562
-133.37600708007812
-134.86099243164062
2.8141698837280273
4.206389904022217
5.0699200630200005
3.215409994125366
9.45244
8.62265014648
5.45107984543
5.87361001968
-0.242353007197
7.809174
6.620389938354492
8.12071990967
3.311539888381958
1.46315002441
-8.167099952700001
1.33176994324
-0.5322780013084412
-1.45000004768
-0.6211829781529999
-0.593275010586
0.14714199304580688
-0.18641400337219238
5.73823022842
2.8595900535583496
3.794110059738159
6.140439987180001
2.51202011108
6.088669776916504
2.92833995819
0.276033014059
5.412779808044434
9.64291
2.384350061416626
-1.51242
-4.33096981048584
-0.16678600013256073
-0.8632140159606934
-2.3287599086761475
-1.7747600078582764
-3.9262900352478027
-5.073669910430908
-6.473189830780029
-5.55666017532
-7.58735990524292
-6.660820007324219
-5.36558008194
7.263169765472412
5.3010101318359375
5.5995001792907715
8.347200393676758
7.561960220336914
3.97832989692688
4.493919849395752
8.869050025939941
7.320109844207764
8.52462
13.080900192260742
8.61394
3.321160078048706
6.462259769439697
6.94959020614624
5.207190036773682
12.430399894714355
7.68581
7.1267499923706055
2.18361
5.265359878540039
8.000109672546387
8.983759880065918
10.75469970703125
10.22719955444336
8.822500228881836
10.103300094604492
10.775500297546387
9.254619598388672
10.690999984741211
8.110560417175293
1.091249942779541
1.2545100450515747
4.46027994156
4.48443984985
4.45382
3.20472002029
5.443220138549805
2.8622200489
4.75333
12.506389
13.3561105728
12.7522220612
13.156389
12.710515
11.626389
14.531944
13.5225
13.767200469970703
10.958100318908691
8.570556
7.68483018875
9.9882297515869
13.403900146484375
7.1427397728
6.76678
Nov-61
11.078056
12.236389
7.10950994492
9.22196006775
13.2877
9.685079574580001
8.78666973114
8.645833
7.26389
8.514167
10.47973
8.082969665527344
9.835556030273438
10.145277976989746
10.7192001343
6.9373297691345215
8.544444
6.504444
8.616319656369999
7.61223983765
10.931667
Nov-31
12.516667366027832
9.51148986816
Nov-34
Nov-64
11.133610725403
11.856389045715332
7.40056
8.52222156525
Oct-61
9.384967
8.572778
Jul-75
8.05222225189209
6.709167
7.230000019073486
9.378889083862305
8.34047031403
22.830699920654297
22.50950050354004
24.47279930114746
24.832799911499997
26.690399169900004
23.424299240112
24.786686
25.042800903320312
24.963300704956
24.8810997009
30.073601
27.405300140381
29.607500076294
25.678300857544
23.051399
24.582099914551
27.692399978638
22.3931007385
23.143100738525
29.239400863647
24.846799850464
27.797800064087
25.693501
28.144743
19.898199081421
27.201799
25.354600906372
21.799999237061
25.830400466919
28.945100784302
26.6191005707
23.604400634766
22.262800216675
26.938400268555
21.762199401855
27.868600845337
24.7252778
-6.2158298492399995
-7.651669979095459
-5.872499942779541
-7.161109924316406
-1.74802994728
-1.4797199964499999
-2.167220115661621
-2.05694
-2.2749500274658203
-4.995409965515137
-1.99343
-2.638819932937622
-4.9611101150512695
-3.343329906463623
-4.0678300857543945
-2.71909
-2.849720001220703
-0.36833301186561584
-4.10583
-1.8424999713897705
-1.3567999601364136
-1.0334999561309814
-2.21472
-2.6019699573516846
-2.195509910583496
-0.297222
0.0324999988079
-0.190278
0.055278
-0.776332974434
-0.8475000262260437
-0.461941
0.6955559849739075
0.9391670227050781
1.34611
-2.8091700077056885
-3.0286099910736084
-0.350832998752594
-3.2675
-1.6605700254440308
-2.88306
-2.9777801036834717
-4.623889923095703
-1.6916699409484863
-1.4294099807739258
-1.32806003094
-2.9049999713897705
-1.2955600023269653
-3.09306001663208
-2.197779893875122
-4.047500133514404
-4.43306016922
-3.372499942779541
-6.256669998168945
-4.586669921875
-7.3627800941467285
-1.2961100339889526
-3.025830030441284
-6.331110000610352
-6.869170188903809
-2.8684399127960205
-3.339169979095459
0.175
1.28278005123
0.234999999404
-3.4138898849487305
-2.59083008766
-1.32000005245
-1.09582996368
0.56099998951
0.48640599846839905
-0.107832998037
-1.7900300025900002
-1.58362
-0.94282501936
-0.418166995049
-0.166014000773
0.7729390263557434
-0.550832986832
-1.2527500391
-0.523810982704
0.550692
-58.447200775146484
4.76389
5.77014
5.37452983856
6.57944011688
4.931829929351807
4.780620098114014
5.52722
5.760560035705566
4.43722
5.27618980408
6.889167
4.41794013977
4.34203
-8.491109848022461
-8.941590309143066
-6.27007
-8.818490028381348
-9.52377986907959
-8.92482
-8.5992097854614
-7.0869598388671875
10.619000434899998
9.15178012848
12.656000137329
Aug-34
9.124629974365234
11.000100135803223
Nov-01
10.330900192260742
12.131400108337402
14.759599685668945
9.791729927062988
9.26702
9.172980308532715
8.705220222473145
-7.277219772338867
8.353910446166992
9.84924316406
6.2044444
6.119699954986572
16.144199371338
23.371700286865
12.217499732971
14.365300178527832
5.218140125
29.691400527954
8.08537
8.518349647521973
18.540399551392
16.678100585938
9.2880601882935
5.0247201919556
11.0502
5.2083601951599
22.139699935913
7.824520111084
29.891300201416
6.626049995422363
7.2624998092651
13.214900016785
24.973499298096
9.21222
9.604000091552734
11.342300415039
10.785439
15.465600013733
9.566940307617188
5.340849876403809
12.468899726868
18.918899536132812
10.258600235
10.9239998
5.6377801895
18.46619987487793
19.7848
19-Aug
16.8262996674
22.0189990997
14.902199745199999
17.107500076293945
20.967100143399996
16.885799408
15.7986001968
15.265000343323
12.279800415039
14.068699836730957
13.1744
Nov-04
13.972700119018555
12.345000267028809
14.49590015411377
14.5114
16.912200927734375
14.08549976348877
16.497999
16.287599563598633
13.376197814900001
12.820199966430664
14.727999687194824
14.422900199890137
20.814599990844727
17.0806999207
17.76889991760254
18.71619987487793
17.443899154663086
18.989999771118164
20.336799621582
21.076900482177734
20.282800674438
16.833599090576172
19.28190040588379
15.038000106811523
16.63360023498535
22.121999740601
17.918600082397
17.941699981689453
15.515199661254883
15.8233
16.951400756835938
15.680500030500001
16.250600814819336
16.70840072631836
18.346200942993
6.69250011444
7.600279808044434
9.966489791870002
10.022100448608398
9.286
8.96159
Oct-06
8.658499717709999
6.04242
12.278300285299999
9.51633
8.325400352478027
11.266944
11.534000396728516
8.30633
16.5333
18.813899993896484
27.279100418099997
26.302400589
18.6016998291
31.1197222222
27.825899124099998
27.908899307250977
28.1401004791
22.378902
29.106199264526367
31.0487003326
28.246
26.718000411987305
24.7651996613
23.411399841308594
17.093999862700002
27.9260997772
18.1602993011
29.749700546299998
30.343000412
31.5767002106
32.0443000793457
29.976900100699996
20.250699996900003
22.188999176
25.6173000336
23.3287234306
31.1553993225
29.519800186157227
30.3987007141
27.173400878900004
29.458615
27.0818996429
26.882200241088867
32.0920982361
19.902799606323242
17.939599990844727
29.170099258399997
22.9993000031
31.5886993408
30.329299926799997
31.4165000916
21.260200500499998
28.6733551025
24.7287998199
31.058399200439453
18.5447998046875
28.224199
28.222499847399998
27.47450065612793
24.69099998474121
25.162399291992188
23.431100845336914
25.9182
27.8288
15.253000259399414
15.95009994506836
16.0379009247
11.88659954071045
31.3075008392334
18.518800735473633
15.786399841308594
9.805680274963379
8.708720207214355
-14.3937
57.683601
63.361
72.411102
9.360529899600001
9.719479560849999
14.257399559020996
10.750800132751465
13.559200286865234
13.370100021362305
10.354599952700001
10.122599601745605
11.523500442504883
27.893899917603
25.82270050048828
28.4526004791
31.936599731445312
23.16230010986328
28.66489982605
28.149900436401367
43.2719
43.76639938354492
44.430301666259766
45.28110122680664
55.51029968261719
55.42499923706055
47.478802
45.450801849365234
49.815799713134766
49.39250183105469
44.31760025024414
49.29169845581055
49.773799896240234
49.620601654052734
48.987998962402344
50.3202018737793
47.76380157470703
46.351232528699995
48.3148002625
44.4824838638
49.68830108642578
50.17470169067383
50.00279998779297
47.993900299072266
48.632702
46.95610046386719
47.111698150634766
47.82059860229492
48.02170181274414
48.358299255371094
43.3754997253418
43.72850036621094
14.246999740600586
13.4036998749
12.188400268554688
15.760499954223633
16.947399139404
13.2312
16.312400817871094
17.71980094909668
15.287699699401855
13.76550006866455
20.431900024414062
12.371800422668457
13.574999809265137
19.8976993560791
15.027799606323242
14.965299606323242
11.581399917602539
13.673100471496582
10.245699882507324
11.493200302124023
8.754380226135254
9.262689590454102
12.890899658203125
9.412280082699999
13.437999725341797
7.411739826202393
6.7121500968933105
34.90760040283203
35.40850067138672
35.2663
40.671699523899996
32.572601
39.5630989074707
40.35490036010742
40.71220016479492
39.28179931640625
40.52401351928711
36.86909866333008
33.640201568603516
35.31330108642578
53.6558
55.521801
55.69139862060547
20.84429931640625
16.071399688720703
15.034
19.111099243164062
28.617901
31.5786
25.839000701904297
31.0928
28.885000228881836
32.627201080322
30.859100341796875
29.861900329589844
27.020999908447266
34.9739990234375
33.893001556396484
33.46860122680664
33.78099823
34.01179885864258
27.552499771118164
15.4446
15.327500343323
12.351799964904785
17.38170051574707
18.785600662231445
18.2887001038
20.975299835205078
19.771299362199997
21.65089988708496
21.496901
25.3379993439
27.588300704956055
30.220800399780273
24.793699264526367
28.808799743652344
29.238500595092773
25.915399551399997
27.5308990479
25.505699157714844
29.25
25.252899169921875
22.4692001343
23.569000244099996
-7.94994
-0.005456000100821257
-11.404399871826172
-4.0795598030099995
-3.007580041885376
-16.65220069885254
-13.863800048828125
-17.887100219726562
-17.7556
-15.38659954071045
-13.6052
-16.5725002289
-16.3414993286
-2.9562599659
-13.1955
-10.758700370788574
-10.3623
-9.413069725036621
-11.161299705505371
-4.977960109709999
-4.39833021164
-5.515120029449463
-1.92399001121521
-7.22145
-6.75152
-7.589970111846924
-8.03629970551
-6.595880031585693
-6.909430027010001
-3.83951997756958
-5.320020198822
-5.91689014435
-16.281799
-16.748
-16.051300048828125
-17.49020004272461
-16.463199615478516
-12.468299865722656
-12.22029972076416
-13.65310001373291
-9.637880325317383
-11.423500061035156
-11.406200408935547
-7.3165998458862305
-13.507599830627441
-15.9697222
-12.207300186157227
-13.04319953918457
-17.030000686645508
-13.569199562073
-10.7698001862
-12.286800384521
-22.9494
-22.888900756835938
-23.213699340820312
-24.284700393676758
-25.055299758911133
38.799301147499996
37.59049987792969
38.77280044555664
37.32160186767578
41.85419845581055
34.5630989074707
37.433998107910156
36.81660079956055
38.97999954223633
39.53350067138672
34.586299896240234
29.318500518798828
44.08879852294922
44.94110107421875
42.45920181274414
29.94890022277832
31.611700058
31.40559959411621
30.915399551399997
33.799400329589844
34.129629
32.7066
27.221700668300002
32.2400016784668
34.0625
32.8199996948
33.64550018310547
35.23889923095703
34.7873001099
34.72890090942383
34.95859909057617
35.608699798583984
40.91310119628906
39.594200134277344
36.81480026245117
40.091599
10.142600059500001
23.31399917602539
20.2695007324
14.47249984741211
13.1590003967
19.576400756835938
15.96560001373291
9.715310096740723
29.258899688720703
30.1395
28.907899856567383
30.430099487299998
34.3367
25.324600219726562
36.328800201416016
29.7010993958
30.23270034790039
31.6011009216
31.65220069885254
32.553199768066406
36.63330078125
39.202599
35.752601623535156
35.75210189819336
37.0745010376
35.81829833984375
40.181800842285156
32.932701110839844
39.8114013671875
39.07120132446289
39.224899
32.443501
33.622798919677734
19.7206001282
27.515199661254883
25.712900161743164
24.8508
23.411436080932617
25.655
27.8251
33.624900817871094
32.48569869995117
32.9879
18.268199920654297
18.810199737548828
13.922200202941895
14.570300102233887
16.29800033569336
16.0687999725
15.3467
-1.8635200262099998
-0.5581560134887695
-2.3701000213623047
-6.0346198081970215
-4.848879814147949
-2.9106099605560303
2.07846
-6.8213300704956055
-8.37726
2.7605500221
-3.777359962463379
1.3731199502899998
-6.060110092163086
-0.8123890161514282
-3.56264
-4.499110221862793
4.218649864196777
-5.615940093994141
-1.6463299989700317
1.1671700477600098
-6.34946012497
-5.501989841461182
-1.7906099557876587
-8.415140151977539
1.40917
-3.4458699226379395
-0.481625
-4.85194015503
-2.7244699001312256
-8.62677001953125
-3.82000994682312
-1.0415500402450562
-5.8931097984313965
1.954759955406189
2.69765996933
1.6205899715423584
3.4612600803375244
0.5905560255050659
-0.715556025505
0.5186110138893127
-0.3174999952316284
0.30666598677635193
2.363960027694702
1.1794400215148926
-0.394529
1.36382
-0.41861099004745483
-0.006438999902456999
0.22145600616931915
1.485556
0.815555989742279
-1.5311111
1.4752800464630127
2.1130599975585938
2.289180040359497
2.4826700687408447
-0.9725000262260437
1.3780399560928345
-0.9830560088157654
7.359010219573975
5.435063
4.372192
3.762890100479126
6.25131988525
9.48373031616211
8.7930556
9.097780227661133
8.8029203414917
8.889749526977539
9.406000137329102
3.497109889984131
5.880229949951172
3.1691699028
2.3702800273895264
6.268390178680001
5.081111
4.0132598876953125
4.001389980316162
6.1063889
5.329370021820068
Apr-99
3.4037399291992188
2.4219400882720947
1.721111
4.944270133972168
6.95348
4.296390056610107
2.3063199520111084
5.22142410278
7.215869903560001
4.866720199584961
2.8706700801849365
5.785190105438232
3.96301007270813
3.3538999557495117
4.901830196380615
3.53282
2.1127800941467285
1.2198599576950073
0.08805599808692932
1.831891
1.7605600357100002
4.206111111
1.1748000383377075
0.727605998516
-0.8770639896392822
-0.7429860234260559
2.441390037536621
2.5191400051116943
Feb-55
2.1061899662017822
2.3794444
2.040833
2.1916667
3.1133298873901367
4.033120155334473
3.086886
2.642240047454834
4.647079944610596
-4.418540000915527
-1.4702800512313843
-2.0799601078033447
-2.3463900089263916
-1.564170002937317
0.154305994511
-3.440000057220459
-1.3786300420761108
-4.151639938354492
-0.44999998807907104
0.20166699588298798
-1.73478996754
-3.47166
-4.167789936065674
-1.61073005199
-2.85444
-3.81577992439
-2.718559980392456
-2.1566667
7.5291667
5-Sep
6.131669998168945
6.06998
6.230460166931152
4-May
7.628230094909668
6.14602994919
4.4163498878479
-56.3802986145
-56.173099517822266
21.292601
21.3512001
25.956300735473633
22.794300079345703
26.140600204467773
20.822500228881836
25.180299758900002
21.2821998596
23.0170001984
20.500499725341797
22.02549934387207
27.091699600219727
27.145999908447266
19.911699295043945
26.909999847399998
24.619199752807617
21.84079933166504
26.800301
25.236299514799995
22.4655
25.348100662231445
26.5983009338
20.765300750732422
28.086200714111328
21.4256
24.149700164794922
23.503700256347656
26.911699295043945
22.52630043029785
25.479299545288086
26.101299285888672
24.4871997833
22.97089958190918
20.8843
19.261093
21.615299224853516
17.0802
16.760599
15.535
17.4032
18.133301
14.1811
17.947001
16.2423
15.0664
Dec-81
Nov-89
13.091
15.6516
12.488
14.9224
8.29077
8.97248
9.05428
9.51763
9.68298
8.72811
9.70417
7.64963
8.12743
Aug-75
9.27674
Oct-64
7.62322
12.596503
Nov-64
Nov-87
Dec-44
12.0701
Oct-06
13.4722
Dec-17
Nov-95
Nov-79
Oct-85
Dec-19
11.255
Dec-49
12.2388889
Oct-94
12.909
14.2908
Oct-27
Nov-51
11.0719
Dec-32
14.4576
15.686100006103516
13.614999771118164
17.439699172973633
12.914999961853027
18.111099243164062
15.73859977722168
17.404699325561523
14.26
16.694400787353516
14.3958
34.88669967651367
34.722999572754
34.96009826660156
35.20330047607422
35.04309844970703
35.5718994140625
35.38859939575195
35.012298584
34.93579864501953
34.66669845581055
34.78219985961914
14.4775
15.439599990844727
11.344
14.1875
13.0043001175
16.569700241089
-9.0301
-25.17060089111328
-6.70713
-7.9324
-8.445139884949999
-9.35523
-31.131399154663086
-7.96590995789
-28.029800415039062
-28.715900421142578
-27.090799
-8.8875
-25.6979007721
-28.441299
-8.58396
-8.68138980865
-16.3500003815
-9.13592
-28.175800323486328
-7.72047
-7.88899
17.84589958190918
18.331499099731445
21.261999130249023
26.91029930114746
23.469999313354492
26.102100372314453
28.488300323486328
23.686199188232422
22.253299713134766
23.888599395751953
27.6205997467041
21.90250015258789
26.085
24.091299057006836
22.885700225830078
26.35409927368164
28.71430015563965
24.412500381469727
21.337900161743164
6.108950138092041
7.326759815220001
8.305184
8.9105796814
7.497149944309999
7.41719
8.54917
9.560770034789998
9.884110450744629
32.995098114
32.6885986328
35.280399322499996
35.4258995056
30.6011009216
30.800501
37.4786987305
32.561901
35.521999
36.9035
38.0909996033
35.4953994751
36.367408752441406
29.7012996674
28.8146
27.926000595092773
27.977699279785156
30.582099914599997
27.156999588
27.010099411
30.08329963684082
28.7924995422
27.669700622558594
39.2914009094
40.201000213600004
39.527000427199994
41.17020034789999
39.78969955444336
43.332298278808594
41.1166000366
41.84040069580078
27.777222
28.930999755859375
20.7423
21.621401
-5.3496599197400005
20.3090991974
21.853701
19.2519
21.035801
18.72330093383789
17.21269989013672
21.241100311279297
17.828399658203125
19.13409996032715
20.2411003113
-71.939598
-72.26589965820312
-71.528503418
-71.12039947509766
-71.6447982788086
-68.91179656982422
-68.36340332030001
-70.56999969482422
-69.668899536133
-70.60469818115234
-90.40670013427734
-90.527496
-91.69730377197266
-90.83580017090001
-86.852997
-87.923599
-85.906601
-86.523003
-87.4758
-87.21720123291016
-85.938202
-76.96900177001953
-76.7874984741211
-77.91339874267578
-76.53450012210001
-76.82379913330078
-99.75399780273438
-100.237
-102.318001
-96.262604
-99.26129913330078
-101.098998
-91.79900360107422
-107.875
-107.474998474
-88.32679748535156
-109.83300018310547
-90.5002975464
-106.42900085449219
-105.964996338
-98.9564971924
-86.92559814453125
-104.527999878
-104.843002
-116.602997
-103.31099700927734
-110.92500305175781
-97.4198989868164
-111.047996521
-103.577002
-86.73999786376953
-100.92900085449219
-95.093697
-102.221000671
-109.081001282
-101.481003
-110.361999512
-111.3479995727539
-97.5252990723
-89.657699585
-115.241997
-101.025001526
-94.58070373540001
-101.470001
-99.072098
-100.107002258
-106.26599884
-110.97599792480469
-99.5705032349
-96.726600647
-97.46080017090001
-98.3713989258
-113.305177
-100.535004
-102.03900146484375
-105.25399780273438
-97.089103
-100.185997
-98.2285
-109.72100067138672
-114.80899810791
-100.930999756
-103.411003113
-93.02249908450001
-116.97000122070312
-97.8658981323
-98.806502
-99.56600189210002
-92.3700027466
-86.8770980835
-92.81739807128906
-96.1873016357
-102.68699646
-101.460998535
-102.276001
-104.558998108
-83.77410125732422
-86.16819763183594
-83.38670349121094
-82.25080108642578
-82.515062
-82.43499755859375
-79.599602
-79.55560302734375
-80.94529724121094
-79.3834991455
-83.330171
-82.96859741210938
-84.7726974487
-83.18219757080078
-83.79699707030001
-85.544403
-84.70610046386719
-83.02200317382812
-85.65299987790002
-84.20880126953125
-83.46859741210938
-84.12979888916016
-82.95890045166016
-89.055702
-73.78829956054688
-72.194702
-72.51850128173828
-72.2925033569336
-74.5062026977539
-76.62139892578125
-78.78959655761719
-78.32839965820001
-80.41419982910156
-81.5459976196
-77.84750366210938
-75.83540344238281
-75.207099914551
-75.1583023071289
-82.40910339355469
-76.31510162353516
-83.64189910888672
-74.92220306396484
-77.08920288085938
-82.78379821777344
-82.5793991089
-83.67839813232422
-79.943603515625
-82.9551010131836
-79.442703
-81.435302734375
-76.93579864501953
-79.88279724121094
-81.3576965332
-77.68460083007812
-77.79560089111328
-77.083503
-78.04900360107422
-73.97090148930002
-77.3912963867
-77.88089752197266
-77.840103
-79.2647018433
-75.8779983521
-76.6835021973
-76.3310012817
-76.82019805908203
-76.1768817902
-76.43910217285156
-78.695602417
-73.66690063476562
-75.09359741210001
-75.268621
-73.013494
-77.46620178219999
-75.72949981689453
-74.83619689941406
-74.52400207519531
-88.30819702148438
-159.76400756835938
-159.805999756
177.4429931640625
178.5590057373047
-175.14999389648438
-173.96200561523438
173.14700317382812
174.7760009765625
-176.199005127
-172.00799560546875
-170.710006714
-151.36099243164062
-149.5240020751953
-145.50999450683594
-140.88699340820312
-148.2310028076172
-136.44000244140625
-145.65699768066406
-146.07000732421875
-134.88999938964844
-146.88499450683594
-143.6580047607422
-138.81300354003906
-145.24600219726562
-146.61700439453125
-148.7169952392578
-145.02499389648438
-140.22900390625
-151.75100708007812
-147.66099548339844
-151.02200317382812
-149.761993
-140.9459991455078
-152.24400329589844
-151.466003
168.32000732422
164.83700561523438
164.25599670410156
167.24000549316406
166.47300720214844
168.03799438476562
165.25900268554688
166.572998046875
166.21299743652344
174.792007446
176.08399963378906
174.97300720214844
172.53199768066406
-176.45700073242188
170.197998046875
177.97799682617188
170.1280059814453
170.98500061035156
175.332000732
173.91200256347656
173.28500366210938
169.3730010986328
170.13299560546875
167.64999389648438
175.63400268554688
174.1790008544922
173.2209930419922
168.31300354003906
175.38800048828125
171.08200073242188
175.61700439453125
174.98899841308594
168.738998413
176.31700134277344
176.1959991455078
171.22500610351562
170.117996216
173.8699951171875
169.24600219727
176.91400146484375
174.804992676
177.40699768066406
174.36500549316406
171.58099365234375
175.02499389648438
62.22829818725586
70.49859619140625
69.212303
65.8478012084961
64.76090240478516
67.20970153808594
62.2610015869
68.91079711914062
50.63359832763672
42.65660095210001
49.485198974609375
41.6343002319
42.62089920043945
49.79790115356445
50.152000427199994
42.58580017089844
43.77439880371094
37.278898
41.686298
49.40510177612305
39.156502
45.528198
39.705101
44.4192008972168
46.125099
43.4906005859375
46.69879913330078
41.13819885253906
47.12139892578125
45.619598388671875
36.6189
40.543442
38.731544
36.47639846801758
38.0634
48.2282981873
48.397598
49.6772
50.827999115
49.5349006652832
49.15190124511719
48.7620010376
55.033001
50.8345985413
53.980201721200004
54.824798584
50.32389831542969
54.539398193359375
53.356300354003906
47.1581001282
47.00920104980469
51.561100006103516
51.577
51.86130142211914
49.617778
49.8473014831543
51.31340026855469
50.0471
56.37779998779297
57.67029953
56.9510993958
56.17250061035156
55.672698974609375
59.2661018371582
61.06489944458008
55.104198455799995
56.8927001953
55.4519996643
50.67959976196289
53.72330093383789
53.5791015625
53.18880081179999
52.58980178833008
44.97359848022461
46.23500061035156
48.3594017029
54.2765007019
61.54389953613281
60.3820991516
60.90620040893555
60.7200012207
35.9931983948
35.991600036621094
35.01810073852539
36.259201
47.96889877319336
35.488399505615234
36.01129913330078
54.651100158691406
54.458099365234375
54.547698974599996
55.3643989563
56.32400131225586
55.93880081176758
55.5172004699707
56.2406005859375
58.890499114990234
58.284400939941406
54.09130096435547
54.024600982666016
72.94840240479999
72.99479675292969
62.329498291015625
74.33360290527344
68.44969940185547
67.160797
74.40360260009766
73.63839721679688
73.50859832763672
71.5707015991211
68.14309692382812
71.41909790039062
68.390099
64.13249969482422
63.34510040283203
71.51460266113281
66.93779754638672
70.27960205078125
73.79810333251953
68.79170227050781
72.35279846191406
69.1769027709961
68.8384017944336
69.57039642333984
69.4636001586914
47.66210174560547
37.22439956665039
36.51559829711914
40.175999
35.948699951171875
38.316898
51.565102
-171.710006714
145.2429962158203
145.729004
144.929998
144.796005249
145.61900329589844
171.27200317382812
167.73199462890625
-157.35000610351562
-177.38099670410156
151.84300231933594
158.20899963378906
134.544236
162.957993
138.082993
118.359001
121.10199737548828
121.46600341796875
120.3499984741211
120.39299774169922
121.53500366210938
120.62100219726562
120.20600128173828
120.939002991
119.62799835205078
120.48200225830078
121.552001953125
121.233002
119.50277709960938
121.61799621582031
140.386001587
137.92300415039062
140.414993286
153.979003906
141.322998046875
135.363998413
143.216995239
141.69200134277344
140.822006226
144.164001465
144.960006714
141.800994873
129.785003662
131.279006958
129.330993652
143.404006958
142.44700622558594
139.432998657
141.186004639
130.658996582
128.83299255371094
130.4510040283203
130.990997314
130.718994140625
131.449005127
131.736999512
131.035003662
130.85499572753906
129.914001465
129.71299743652344
128.701004028
128.88099670410156
136.223999023
136.8699951171875
136.40699768066406
133.3249969482422
137.18800354003906
132.919006348
133.854995728
132.88999939
133.23599243164062
133.669006
132.6999969482422
135.43800354003906
134.167007446
134.606995
134.01600647
140.6909942626953
140.371002197
138.414001465
141.46600341796875
141.13499450683594
140.218994140625
141.367996216
140.917007446
139.4499969482422
139.785995483
139.36000061
139.779999
139.34800720214844
126.805444
127.119112
127.61699676513672
128.943915
126.49299621582031
128.696229
128.93800354
129.352005005
127.112718
127.029999
126.791
127.00700378417969
129.420383
128.65531
128.34971
127.646003723
127.767998
124.245
126.71399688720703
131.263000488
125.294998169
131.32699585
125.144996643
124.675003052
128.401992798
122.97799682617188
121.019997
124.20999908447266
123.461179733
125.096000671
122.05999755859375
120.62000274658203
122.9800033569336
121.04699707
120.6050033569336
121.500034
125.027761
123.014999
123.300003052
121.954002
122.493358
122.375999451
118.75900268554688
121.932998657
-57.9966
-58.6131
-60.9306
-60.4804
-60.785
-60.8117
-58.4156
-64.208
-58.5896
-57.8947
-58.6126
-70.2225036621
-67.6204986572
-68.7929000854
-69.5743026733
-68.4039
-65.751701355
-64.3099975586
-66.7957992554
-65.104897
-68.418198
-64.2612991333
-65.1463012695
-65.3873977661
-66.3563995361
-58.7619
-59.0561
-58.2281
-54.4734
-57.1521
-57.6402
-55.9707
-60.492222
-65.4861984253
-65.097801
-64.3292007446
-54.5746994019
-59.2189
-59.68
-57.9789
-71.5323028564
-67.4655
-71.139503479
-65.2703
-63.0004
-65.1027
-65.9041
-67.7494
-69.3126
-68.2958
-67.8026
-70.978699
-68.5792
-62.1693
-61.889301
-60.216598510699995
-63.7583007812
-60.3297
-57.5733
-68.155701
-61.8576
-64.275703
-71.157501
-59.2279014587
-57.0292
-69.2646026611
-71.137299
-49.30149841308594
-48.1329994202
-37.0703010559
-56.1049995422
-50.4247016907
-48.4762992859
-54.112201690674
-43.950599670410156
-49.23199844359999
-47.920833587646484
-49.0537986755
-60.6922225952
-52.3889007568
-53.500801086399996
-43.97194290161133
-54.6725006104
-52.656600952148
-47.45869827270508
-49.4213905334
-41.301700592
-57.6713905334
-49.1758003235
-39.253101348877
-51.1875
-56.1166992188
-72.7695007324
-51.4245986938
-60.04970169067383
-57.77690124511719
-54.48500061035156
-48.5525016784668
-32.423302
-38.53260040283203
-43.2505569458
-65.28479766845703
-49.220699310302734
-46.47305679321289
-45.20479965209961
-52.254001617432
-58.481201171875
-56.000701904297
-39.033199310303
-42.487598419189
-49.2134017944
-47.459999
-43.38679885864258
-34.9486122131
-48.797401428222656
-35.8964
-47.1344985962
-50.28150177
-49.730499267578
-51.1301002502
-43.4081001282
-49.138000488299994
-52.6022
-52.01222229
-43.818901062
-59.98630142211914
-35.79169845581055
-51.0722007751
-37.3642997742
-61.278301239014
-48.651402
-54.169102
-35.376111
-51.79690170288086
-51.1713981628418
-41.73199844359999
-46.567901611328
-52.326599
-52.327702
-40.56909942626953
-48.39970016479492
-55.702598571777344
-63.90230178833008
-67.89805603027344
-34.92359924316406
-43.1631011963
-47.776668548583984
-43.719101
-45.86149978637695
-44.234100341796875
-46.65638732910156
-49.40650177
-46.299720764160156
-38.3224983215
-56.396800994873
-42.8235015869
-64.7240982056
-70.783302307129
-50.6515998840332
-69.93579864502
-49.72029876709
-66.9855
-38.250598907471
-57.0382003784
-48.225277
-47.966110229492
-45.4733009338
-60.098300933838
-40.286388
-47.334800720214844
-70.338699
-71.68949890136719
-71.6874008178711
-68.90360260009766
-72.03140258789062
-70.854599
-72.1061019897461
-70.1812973022461
-70.78579711914062
-70.445099
-70.31919860839844
-71.8510971069336
-72.42539978027344
-67.62629699707031
-73.063103
-109.42199707
-73.06099700927734
-70.75599670410156
-70.77570343017578
-58.9866981506
-71.199501
-72.637100219727
-73.09400177001953
-72.6990966796875
-73.0860977173
-78.57460021972656
-76.98680114746094
-78.984398
-90.26589965820312
-79.88359832760001
-78.615799
-79.94100189210002
-78.12079620361328
-79.961601
-80.67880249023438
-80.47219848632812
-78.3575
-79.996957
-80.988899
-76.33779907226562
-77.70809936523438
-57.52000045776367
-56.854064
-57.427253
-60.619998931884766
-58.318026
-75.7664
-76.5008
-73.9749
-73.1848
-74.1469
-74.7808
-77.3947
-76.9898
-72.5115
-75.513
-76.3816
-78.7492
-75.2856
-73.8068
-75.5644
-74.7967
-77.8986
-75.1333
-77.6718
-76.7164
-72.4901
-69.9432
-75.590582
-74.8461
-75.8258
-70.2339
-75.4647
-75.294
-73.3583
-74.7155
-67.4932
-75.7395
-76.0857
-76.6093
-77.2915
-81.3583
-74.8836
-75.4231
-72.926
-72.6394
-74.2306
-81.7112
-74.7663
-71.7603
-70.7369
-76.6412
-76.2351
-73.2495
-73.6138
-64.31289672850001
-66.1771011352539
-65.145568
-68.7829971313
-68.19229888916016
-67.0762023926
-65.72370147710001
-57.820599
-65.4352035522
-65.2886962890625
-64.7013015747
-64.9179992676
-63.4056015015
-63.135399
-63.65169906616211
-55.1878013611
-52.360401153599994
-51.8041000366
-76.46659851070001
-69.48870086669922
-74.57430267333984
-78.5238037109375
-79.8281021118164
-74.20439910888672
-73.35040283203125
-77.59839630126953
-77.114305
-76.72859954833984
-75.47339630130001
-70.158203125
-71.34400177001953
-80.38140106201172
-76.11820220947266
-77.8561019897461
-73.30879974365234
-71.5830993652
-79.10880279541016
-76.22029876708984
-76.37319946289062
-70.2758026123
-69.2285995483
-80.61640167239999
-81.254096984863
-71.9387969971
-56.49919891357422
-56.0308
-57.98529815673828
-69.23786926269531
-64.4707260131836
-64.692222
-70.21416667
-69.3586196899414
-63.5369567871
-66.16280364990234
-67.4170913696289
-62.85443115234375
-70.06521606445312
-63.261680603027344
-69.68090057373047
-64.1304702758789
-61.58333206176758
-69.53333282470703
-70.80000305175781
-62.3126678467
-69.7551498413086
-66.092779
-63.98159
-70.15149688720703
-72.27102661132812
-71.7278594971
-71.161041
-63.96659851074219
-66.991222
-63.14739990234375
-67.606101989746
-68.072998046875
-72.2029037475586
-62.760398864746094
-70.18329620361328
-72.439697265625
-71.16571807861328
-61.150001525878906
-72.035103
-68.755203
-67.44400024414062
-64.151084899902
-71.94325256347656
-62.094173431396484
-61.52893
-67.92839813232422
-70.58406066894531
-65.9935836792
-59.789398
-61.792702
-59.4925003052
-61.3922004699707
-61.299999
-61.00320053100586
-63.047199249268
-61.531799
-61.78620147705078
-64.97339630126953
-64.79859924316406
-67.12940216064453
-65.66190338134766
-66.09809875488281
-67.14849853515625
-66.56300354003906
-66.0018005371
-62.71870040893555
-60.992901
-60.952599
-70.015198
-68.26850128173828
-68.959801
-62.979400634765625
-63.1088981628
-63.055099
-60.83219909667969
-61.33720016479492
-64.54299926757812
-61.3424
-61.180198669433594
-61.149945
77.04049682617188
75.00499725341797
71.46690368652344
71.30359649658203
74.4776000977
72.793296814
69.47889709472656
51.54309844970703
77.07389831542969
80.234398
57.206699
50.04669952392578
129.77099609375
114.03900146484375
127.41200256347656
135.18800354004
-173.2429962158203
150.72000122070312
170.59700012207
158.45399475097656
142.71800231933594
132.1479949951172
113.306
101.697998046875
104.38899993896
107.43800354003906
30.894699096679688
37.73970031738281
35.10060119628906
33.975101470947266
30.45194
23.956100463867188
30.67650032043457
30.262500762939453
32.75080108642578
31.016700744628906
30.349599838257
20.592599868774414
27.53969955444336
28.030700683594
91.38500213623047
83.53849792480469
86.1072006225586
73.31050109863281
39.170501708984
47.65230178833008
43.08190155029297
42.11280059814453
39.924722
39.9566
48.0063018799
44.34550094604492
61.5033
58.755699157714844
76.48359680175781
56.021198272705
73.40180206298828
60.802700042725
58.361
53.007198
63.61330032348633
68.8249969482
64.4832992553711
66.98380279541016
69.2811965942
34.176399
37.4146
35.7577018737793
39.22959899902344
37.2615013123
50.84510040283203
49.278701782227
55.45669937133789
55.874401092529
50.16429901123
72.63469696039999
77.058601
75.39810180664062
72.8678970337
82.111
69.6701965332
74.6183013916
73.226303
77.3374023438
72.1852035522
72.84320068359375
77.347298
73.8313980103
75.8011016846
80.052001953125
70.01260375976562
70.100304
79.91860198970001
74.2893981934
70.27040100097656
79.04720306396484
73.912903
73.9197006225586
69.65720367429999
70.77950286869999
81.7388
75.93479919430001
72.7417984009
73.89610290530001
79.88410186767578
80.42790222170001
81.678802
79.88619995117188
81.62594
80.07009887695312
81.18190002441406
104.564002991
104.84400177001953
103.81300354
106.01499938964844
94.802001953125
91.24040222170001
92.6196975708
88.32859802246094
85.8178024292
88.44670104980469
89.4672012329
86.42530059814453
84.95120239257812
93.896697998
86.1688
94.1754989624
92.0072021484375
92.97869873050001
94.09760284423828
95.0168991089
85.3136978149414
85.0879974365
85.3217010498
84.814598
83.2245025635
93.828102
91.96389770507812
91.81330108642578
89.04940032958984
89.16079711914062
88.61650085449219
88.90889739990234
91.8667984008789
90.397783
113.915001
77.96089935302734
81.73390197753906
74.7973022461
73.20719909667969
82.8592987061
77.15440368652344
74.75579833984375
79.45079803470001
76.78849792480469
80.410103
78.180298
77.103104
78.22779846191406
75.75530242919922
73.04889678955078
75.812202
70.86499786376953
74.8374023438
75.84559631350001
75.95259857177734
77.5465011597
80.8892974854
75.634444
79.47370147705078
74.77420043945312
80.854897
102.16100311279297
105.78099822998047
104.76000213623047
104.06700134277344
102.56300354
113.592003
83.416293
85.9224014282
85.3591
83.98210144042969
84.9801025390625
87.26399993896484
72.1760025024414
77.706299
76.88279724121094
80.79679870605469
77.0434036255
76.401901
75.95529937740001
78.772778
92.8196029663086
78.4675979614
78.09339904790001
74.8900985718
80.16929626464844
92.72969818115234
79.812
81.81819915770001
78.06559753418
79.10160064697266
79.543296814
78.70970153808594
76.9200973511
89.42459869380001
73.52909851074219
100.607002258
99.9171981812
101.00499725341797
99.50420379638672
100.16500091552734
99.951499939
100.29599762
100.27899932861328
101.74299621582031
98.9861984253
100.60800170898438
101.15399932861328
100.06199646
98.316902
98.58550262451172
100.392997742
99.6166000366211
102.788002014
104.11900329589844
103.49800109863
101.72200012207031
108.1989974975586
105.80699920654297
109.192001
107.70300293
103.9931
106.652000427
94.0261
94.9301986694336
96.79199981689453
94.91400146484375
99.63600158691406
93.53479766845703
97.752197265625
95.97789764404297
98.62149810791016
97.35189819335938
96.64530181884766
99.25679779052734
97.73590087890625
97.67459869384766
97.42630004882812
95.26599884033203
92.87259674072266
94.30010223388672
99.9354019165039
96.1332015991
119.55400085449219
136.10800170898438
135.496002
136.88699340820312
140.5160064698
138.957001
140.41799926757812
122.849998474
119.91000366210938
124.9260025024414
120.657997131
128.324996948
127.38099670410156
122.772003
128.089004517
132.26699829101562
133.6959991455078
133.43899536132812
134.0489959716797
131.287
113.019996643
110.34700012207031
115.01000213623047
114.3290023803711
113.98699951171875
111.98500061035156
118.3239974975586
116.0510025024414
115.25
118.12799835205078
114.9280014038086
101.44499969482422
101.433998
106.65599823
97.704697
99.430496
100.280998
98.671111
98.888901
111.74800109863
109.96299743652344
109.40399932861328
103.64399719238281
102.338997
104.69999694824
102.33499908447266
97.25920104980469
95.42063713070002
100.39800262451172
100.39099884033203
102.29299926757812
103.20899963378906
103.427001953125
101.09200286865234
103.669998
101.70999908447
99.72869873046875
102.251998901
103.10299682617188
100.2770004272461
125.28700256347656
125.526000977
126.401000977
103.91000366210938
103.708999634
103.86799621582031
103.994003
153.007995605
142.459
133.90199279785156
153.11700439453125
153.505004883
145.755004883
146.261993408
139.488998413
153.091003
149.179992676
148.552001953
150.475006104
146.76499938964844
141.925003052
144.468994
146.95799255371094
144.901993
147.509994507
147.214004517
145.1020050048828
144.843002
138.531006
115.88099670410156
116.773002625
121.461997986
128.707992554
114.088996887
118.625999451
115.96700286865234
136.81700134277344
105.69000244140625
150.98800659179688
149.19500732421875
153.115997314
150.68699645996094
148.574996948
167.93899536132812
150.781006
151.177001953125
150.847000122
147.466003418
116.58499908447266
119.824996948
117.346000671
112.62799835205078
113.29900360107422
113.220001221
110.03900146484375
108.1719970703125
113.81099700927734
113.841003418
114.208
125.669998
103.620002747
108.751999
106.766998
100.76000213623047
102.9291667
118.12799835205078
115.9000015258789
119.66300201416016
120.43399810791016
121.46199798583984
118.86199951171875
117.2979965209961
120.374000549
121.33599853515625
121.37200164794922
106.64199829101562
106.8010025024414
103.9469985961914
102.18399810791016
76.0199966431
79.86489868164062
87.47419738769531
126.25
129.569000244
121.53900146484375
121.80500030517578
104.16000366210938
101.54900360107422
136.962005615
29.696399688720703
-143.582000732
-166.1100006
-163.0050049
-155.04800415039062
-81.332901
-151.529007
-153.7039948
-145.25
-155.5740051
-149.6529999
-155.977005005
-166.0390015
-71.28900146
-170.22000122070312
-162.06300354
-169.662002563
-154.9109955
-161.82000732421875
-155.259002686
-83.394096
-121.762001
-121.2979965
-116.629997253
-94.36740112304688
-149.843994140625
-107.902000427
-97.09980011
-81.14569855
-97.176102
-91.9356
-87.02189636
-156.01400756835938
-112.4199982
-74.8134994506836
-71.00520325
-121.92700195312
-75.40699768
-114.03099823
-88.06809997559999
-122.221001
-95.894096
-156.429993
-97.433098
-94.713898
-89.3375015258789
-158.5050049
-93.15470123291016
-112.01200103759766
-68.8281021118164
-80.1707000732
-94.71150207519531
-82.70939636230001
-117.53399658203125
-80.2407
-122.375
-112.375999451
-91.883904
-82.2717971802
-89.97669982910156
-109.603996277
-145.722000122
-97.0740966797
-131.57200622558594
-68.0178985596
-92.14969635010002
-86.68479919
-79.014503479004
-102.54699707
-100.778002
-118.4079971
-85.8581
-81.8498001099
-75.46600342
-84.6678009033
-76.7593994141
-98.22850036621094
-134.5760040283203
-91.98760223
-74.168701171875
-116.223
-115.672996521
-100.723999023
-101.27999877929688
-158.0399933
-86.365799
-96.851799
-104.7570038
-111.98300170898438
-117.1429977
-112.383003235
-118.334999
-67.792098999
-97.9164962769
-119.121002197
-117.884003
-93.22329711914062
-156.045603
-78.9282989502
-119.9520035
-70.06020355
-76.60880279540001
-87.49620056150002
-77.037697
-76.411797
-96.250999450684
-89.94400024410001
-74.57720184326172
-97.386596679688
-76.17459869
-104.49700164794922
-68.0447998
-122.5810013
-152.4940033
-155.86000061035156
-80.152702
-93.4030990600586
-111.97799682617188
-100.288002014
-88.92440032959999
-84.9913024902
-97.8097000122
-96.76450348
-76.7633972168
-96.75920104980469
-84.58740234375
-155.66799926757812
-74.84559631347656
-81.38950348
-82.626999
-81.86329650879999
-95.34140014648438
-76.866997
-80.22200012207031
-117.383003235
-86.522102356
-82.52890015
-119.0569992
-106.3779984
-97.65440368652344
-81.11949920654297
-110.883003235
-87.31860352
-87.186599731445
-97.4011993408
-95.27890015
-104.751998901
-141.9290009
-149.08901
-80.23290253
-156.766008
-95.1587982178
-122.655998
-98.02690124510002
-83.1930007935
-80.29060363769531
-122.308998
-85.20379638671875
-73.1261978149414
-90.0758972168
-94.86039733886719
-118.1520004
-158.197006226
-76.92109680175781
-86.294403
-93.547897338867
-81.4669036865
-90.0847015381
-73.70760345458984
-72.6317977905
-90.64640045166016
-116.78099823
-80.08509827
-117.2149963
-106.3799973
-114.6060028
-104.26300048828125
-92.19360351559999
-161.8379974
-85.6636962891
-110.34400177001953
-159.33900451660156
-87.307602
-109.762001
-119.3199997
-72.56230164
-77.3197021484375
-93.8256
-145.4779968
-76.20120239257812
-94.02069854736328
-81.20210266
-111.973086
-165.44500732421875
-82.68740082
-87.638397
-95.414497
-148.4649963
-98.46980285644531
-77.67240142822266
-80.6100997925
-74.060798645
-103.1039963
-78.7874984741211
-84.21939849853516
-151.2449951171875
-95.783501
-78.94619750976562
-96.3313980103
-81.562303
-76.49299622
-92.2957992554
-99.2667007446
-110.94100189208984
-101.358002
-121.43699646
-87.8462982178
-77.96060181
-71.420403
-75.51029968261719
-118.35900115966797
-83.35340118408203
-82.533203125
-97.2407989502
-93.1917038
-147.102005
-92.83899689
-94.75
-102.2020034790039
-88.12960052490234
-97.0196342
-74.59169769
-81.9645004272461
-103.641998291
-92.2242965698
-74.10479736328125
-94.612197876
-121.492996216
-151.4770050048828
-92.14070129
-84.51629639
-117.65599823
-84.671095
-85.57540130619999
-97.038002
-80.64530181884766
-122.475997925
-97.6698989868164
-82.927803
-87.395401001
-83.9940033
-97.71450042720001
-90.370003
-75.072197
-98.491898
-84.41860199
-84.428101
-120.5680008
-121.401001
-85.52279663
-103.200996399
-119.71800231933594
-80.417901
-115.57900238
-86.6781997680664
-99.46160125732422
-149.8070068359375
-162.598999
-78.31999969
-99.854598999
-92.81330108642578
-73.87259674
-84.35030364990234
-88.24859619
-97.23049926757812
-69.7973022461
-81.680603
-88.915604
-157.0959930419922
-85.9720993042
-100.49600219726562
-115.513000488
-121.8580017
-73.15329742429999
-81.68789672851562
-107.753997803
-77.45580292
-96.36380005
-117.32299804688
-87.89659881591797
-99.68190002440001
-92.21959686279297
-122.5979996
-80.897003173828
-80.09559631347656
-97.362396
-75.46549987790002
-70.5214004517
-122.302001953125
-98.58110046
-157.924228
-93.66310119628906
-77.04290008539999
-117.190002441
-92.0376968383789
-80.47059631
-117.60099792480469
-96.0652999878
-104.53099822998047
-83.00990295
-97.4259033203125
-85.44960021972656
-74.9083023071
-118.7009964
-82.836919
-108.230003357
-97.5011978149414
-76.1063003540039
-81.68890381
-87.752403
-121.929001
-103.2170029
-75.010597
-104.672996521
-75.24109649658203
-96.38439941
-83.64920043945312
-107.272003174
-118.0849991
-98.27890015
-115.671996
-82.891899
-94.17009735107422
-98.40219879
-84.0483016968
-156.9369965
-98.0602035522
-97.26820374
-90.03500366
-80.6343994141
-93.99099731445312
-73.46810150146484
-76.1688
-103.602996826
-149.99600219726562
-97.82890319820001
-122.53800201416016
-89.8703
-79.85710144
-72.649398803711
-71.49140167239999
-88.242797851562
-122.049004
-106.088996887
-159.785003662
-93.33989715579999
-155.554000854
-110.848
-82.52120209
-89.835197
-80.278397
-100.927001953
-81.75520324707031
-156.6490021
-76.569397
-156.67300415039062
-73.77890015
-80.38359833
-117.4449997
-94.9147033691
-75.4664001465
-106.107002258
-75.14820099
-104.8119965
-121.2379989624
-80.04049683
-119.76799774169922
-131.7140045
-83.53040314
-120.583999634
-86.75350189
-74.353302
174.1139984
-115.033996582
-117.259003
-120.9540024
-121.59100341796875
-87.867897033691
-104.700996
-78.73220062
-82.6522979736
-122.2819977
-115.872002
-113.0989990234375
-72.68319702149999
-98.23860168
-76.289299
-72.53479767
-101.822998
-87.9048
-80.1076965332
-147.8560028
-103.321998596
-157.768005371
-95.912498474121
-145.4570007
-76.02169799804688
-116.50700378417969
-101.706001
-94.19259644
-93.6626968384
-95.66359710690001
-99.22029877
-77.90260314941406
-91.149597
-95.40239715576172
-76.668297
-99.051313
-156.9510040283203
-92.54979705810547
-106.4029999
-162.72500610351562
-95.88809967041016
-135.36199951171875
-73.10019684
-93.221802
-75.60649872
-166.544006348
-90.25800323486328
-70.30930328
-97.60070037841797
-73.80169677734375
-146.2480011
-76.360496521
-117.8679962
-88.44380187990001
-80.432800293
-76.033501
-86.1520996094
-106.463997
-86.525398
-86.987800598145
-81.75959777832031
-80.94309997558594
-115.1520004
-81.30899810791016
-79.7238998413086
-111.3710022
-80.67910004
-147.6139984
-83.5919036865
100.74700164794922
125.52799987792969
120.323997
121.35800170898438
119.82199859619
122.41799926757812
95.33969879150001
108.246002197
112.714996338
107.57599639892578
108.540000916
110.43199920654297
109.033996582
106.76499938964844
110.375
104.119003296
107.754997253
106.138999939
104.531997681
104.5790023803711
114.76300048828125
115.995002747
111.672996521
113.943000793
122.236999512
121.661003113
120.47699737549
123.6709976196289
119.889
116.893997192
117.569444
117.156997681
117.45300293
116.095001221
118.68699645996
120.302002
112.78700256347656
110.75700378417969
126.45099639892578
98.962600708
99.88289642330001
99.9447021484375
102.31300354003906
104.64299774169922
104.870002747
102.783996582
99.81819915771484
115.16699981689
23.9444999695
136.80499267578125
135.2239990234375
-117.110001
-117.01499938964844
-76.8916015625
-76.4583969116211
-121.84300231933594
-119.8399963
-81.058098
21.096900939941406
23.971099853515625
23.395000457763672
23.5580997467041
24.084800720214844
21.093900680541992
25.285801
24.460800170898438
44.3959007263
43.859298706100006
42.64500045776367
38.910701751708984
39.37009811401367
34.276100158691
41.5997009277
42.4826011658
44.95470047
49.375
44.139099121099996
42.97629928588867
45.02880096435547
46.82619857788086
52.17499923706055
44.21969985961914
45.72010040283203
53.905799865722656
10.2395000458
34.5345
-58.5358
43.963199615478516
148.179000854
23.726101
135.24400329589844
-74.00900269
123.853533
-51.0570983887
-51.1734473705
-52.7846984863
2.73881006241
130.8769989013672
99.135597229
-150.09399414062
14.2728
-72.88680267
-82.54180145263672
-79.93730163574219
-96.741897583
130.975998
-71.435699
-81.7752990723
103.00700378417969
-85.736
-78.4529037475586
-79.975403
-84.60590362548828
-87.5324020386
-106.609001
-111.1529999
-108.54299926757812
-112.49700164794922
-85.58219909667969
-89.86640167239999
-68.3615036
-69.09919739
-110.73799896240234
-89.09719848632812
37.90629959106445
109.41200256347656
167.92300415039062
100.246002197
-82.2189025879
-88.91590118
-89.07009887695312
-85.5521011352539
-83.80780029
-85.19509888
-88.8656997680664
-91.71080017089844
-91.256699
-89.6668014526
-89.6932983398
-88.5190963745
-92.5
-88.27809906
-96.6707992553711
137.52099609375
152.880004883
100.319
114.80500030517578
34.3950004578
-79.8603973389
36.9277992249
34.822498
-72.053101
151.617004395
-108.527000427
-113.510306
-95.55280303960001
-82.55439758300781
-64.67870330810547
-118.48999786377
-90.50749969482422
-85.6828
160.05499267578
-149.606995
166.919006
179.195999
82.650703430176
103.157997
-100.74600219726562
-107.9079971
97.97579956054688
-103.05699920654297
-117.2799988
-83.74359893798828
125.64600372314453
-16.7745
-54.785831451416016
103.637001038
-110.614997864
176.869995
178.759002686
90.91190338130001
-122.2929993
-123.21199798583984
-112.070999
-122.87300109863281
173.60499572753906
-121.1500015
173.95599365234
17.4709
-123.388867378
117.21600341796875
119.778999
104.545
65.3243026733
-81.44219970703125
-86.775100708008
-81.43920135498047
-86.39399719
-82.407401
-88.7738037109375
43.15950012207031
110.45899963378906
39.668502
-111.447998
-86.880302
-114.25599670410156
-84.07959747314453
-75.97979736
44.2346000671
100.78299713134766
103.77400207519531
103.25299835205078
102.319000244
-114.717002869
42.4412002563
43.597099304199
44.361598968500005
120.559998
118.05899810791016
101.400002
101.99400329589844
123.48300170898438
118.788002014
-62.19329833984375
-132.9450073
112.388000488
117.555278
94.941399
95.67440032958984
108.366997
106.590556
105.132379532
105.177778
108.706001282
109.333999634
98.43699646
16.67970085144043
11.553299903869629
-13.612
6.186388969421387
8.08049964905
-81.23750305175781
-78.83390045166016
86.72969818115234
87.05079650878906
86.66999816894531
83.723
84.089203
86.584454
86.55039978027344
82.29419708251953
82.195
82.193298
87.69525
87.193298
81.636002
81.81890106201172
82.81909942626953
81.1854019165039
80.58190155029297
126.382814
26.3757991791
26.3470993042
26.9405994415
24.4769
25.3680992126
25.113195
29.576400756799995
34.5836982727
6.14216995239
120.099998474
125.4788
123.341875076
120.53199768066406
123.735
123.84200286865234
123.97899627686
7.19027805328
7.055832862854004
-39.080898
-39.293800354003906
-48.35699844359999
-48.607498168945
-114.0910034
145.429000854
152.319000244
-112.14700317382812
-95.65650177002
-104.848999
-103.07900238
-102.916000366
-105.141998291
-95.67259979250001
-106.9219970703125
-98.89099884030001
-97.40779876708984
-101.20300292969
72.99690246582031
-135.00599
-123.43599700927734
-125.572998
-128.6510009765625
169.2239990234375
-124.075469971
-63.1715011597
-63.220001220703125
-106.9179993
15.033416748047
-81.4863967896
-82.5166015625
-84.93890380859375
-98.4166030884
-105.011
-111.6709976
-119.99500274658203
-114.487999
-70.6143035889
-71.50229645
-72.04509735107422
-94.05989837646484
119.058889
-88.5914001465
43.784000396729
-123.93699646
-80.1738667488
-70.28040314
-87.9711
-111.78800201416
-79.91629791
-81.59320068359375
-75.72339630130001
-94.93370056
150.5760040283203
-171.740005493
153.56199646
-96.81580352783203
-94.5927963256836
106.98699951171875
-105.539001465
85.208297729492
-117.73100280761719
101.194999695
99.36170196533203
103.682222222
116.5033
-58.25410079956055
-54.842682
-58.1059
-59.491481781
94.80919647216797
13.3623
34.7780990601
-80.088826
27.6643009186
8.87693977355957
29.3092002869
-77.84870147710001
122.23200225830078
151.83399963378906
14.3377
23.668600082397
25.983600616455
27.826700210571
29.844699859619
51.152198791503906
59.64099884033203
102.56500244140625
-88.75189971923828
-89.67790222
-108.627998352
-107.2180023
-108.789001465
-100.9599991
-102.68800354
-101.6989975
-109.024002075
6.0741000175476
-6.291669845581055
-93.38860321
17.386699676514
29.034201
10.617199897766113
87.33219909667969
37.347301483154
-94.49829864501953
-75.44080352783203
-94.306801
51.8213996887207
65.592499
-86.31729888916016
38.0600013733
40.71670150756836
46.04669952392578
76.52030181884766
75.2699966430664
51.091999
53.8046989440918
57.3671989440918
57.13079833984375
53.12189865112305
28.395599365234375
74.53379821777344
92.493301
73.33439636230469
64.82669830322266
40.940799713134766
125.684997559
139.121002197
-169.533996582
-85.15280151
-124.109
-77.61209869380001
-87.611396789551
-90.70950317
114.152153015
161.011002
160.682007
155.886656
159.576996
159.83900451660156
161.897994995
165.7949981689453
157.26300048828125
156.863998413
155.56500244140625
160.06300354003906
160.824996948
158.7310028076172
157.585
157.64300537109375
154.67300415039062
144.9709930419922
143.207992554
150.333999634
148.309005737
150.40499877929688
141.28199768066406
144.2500762939453
145.770996094
150.807998657
143.656998
147.423996
143.238006592
152.837997437
142.947998047
141.225998
152.380004883
141.3028
143.89500427246094
-45.56917
-22.6504993439
-49.6624984741
-53.5148763657
-46.0299186409
-52.9393997192
-45.232976675
-46.059923172
-69.3887023926
-53.7293014526
-56.1305999756
-52.6962013245
-18.0173
-15.335599899291992
-14.850600242614746
-122.948997498
-125.3030014038086
-55.784698486328125
-55.67390060424805
-56.28609848022461
-58.45750045776367
-126.08
-117.24600219726562
-88.54190063476562
-89.57939910888672
-89.28919982910156
-92.97109985351562
-91.0271987915039
-89.85530090332031
-85.9017028809
-94.2556
-78.91690063476562
-59.38359832763672
-58.97560119628906
-91.82440185546875
-93.439697265625
-88.6427993774414
-69.99919891357422
-82.43190002441406
-108.48100280761719
-57.185298919699996
-57.041900634765625
-90.73110198970001
-61.680301666259766
-87.67610168457031
-81.6968994140625
-87.90779876708984
-59.1864013671875
-124.51799774169922
-94.49140167236328
-81.8161010742
-77.76529693603516
-94.71060180664062
-82.90920257570001
-69.6177978515625
-123.111000061
-76.1355972290039
-60.228599548339844
-59.63669967651367
-77.92530059814453
-94.65360260009766
-78.14859771728516
-78.75830078125
-69.59970092773438
-69.88330078119999
-87.93419647216797
-65.9927978515625
-55.847198486328125
-74.5280990600586
-76.51830291748047
-78.83110046386719
-97.84420013427734
-104.08200073242188
-95.27890014648438
-78.07689666748047
-93.97329711914062
-85.44329833984375
-124.5
-101.09100341796875
-86.69640350341797
-117.30999755859375
-93.79309844970703
-105.84100341796875
-79.2466964722
-94.85189819335938
-89.89689636230469
-94.0614013671875
-87.3748683929
-92.59809875490001
-75.66719818115234
-96.08920288085938
-95.613899231
-65.738899231
-78.52249908447266
-107.18199920654297
-94.07859802246094
-101.23600006103516
-81.67780303955078
-91.76280212402344
-132.125
-92.19640350341797
-91.31279754638672
-93.34439849853516
-92.0813980102539
-64.10639953613281
-103.1719970703125
6.308589935300001
-2.269860029220581
0.923888981342
6.77679014206
-1.5908199548721313
14.152299881
8.90166664124
7.91583299637
22.8323
-1.0791699886322021
-1.01065635681
-5.686389923095703
-2.7722198963165283
-1.628059983253479
-2.43443989754
-2.9002799987800003
-2.64139008522
-2.576669931411743
-1.24361002445
-2.95000004768
-5.67056
-5.51845
-4.53533983231
-7.44306
-8.340999603271484
Oct-94
13.609399795532
11.57859992981
14.301400184631
11.14610004425
12.103300094604
6.1058301925659
7.13778
14.669199943542
20.959400177002
31.044900894165
12.727257
17.9776992798
19.3980998993
14.50030040741
13.578900337219238
13.337400436400001
12.991299629199998
12.847100257873535
17.69659996032715
15.082799911499023
21.5442008972
28.1511993408
31.1056003571
31.544599533081055
25.548000335699996
21.658100128173828
25.3167
21.832599639892578
29.126899719199997
Dec-99
32.58720016479492
43.2439002991
44.614921
45.273467
44.541900634799994
44.033001
44.920467
43.972801208496094
46.054065
48.442583
47.623587
45.358837
47.644164562200004
48.833284
44.316509
13.4869
20.818500518798828
15.683799743700002
12.14680004119873
12.441300392151
11.056699752807617
11.017000198364258
33.42900085449219
18.374399
35.13249969482422
15.242899894714355
15.9526
16.446699
14.568099975586
17.080400466918945
13.064000129699707
13.440400123596191
18.28580093383789
17.68470001220703
19.02400016784668
19.78890037536621
20.794701
23.450000762939453
20.590124
-0.75
-17.214599609375
-12.518899917602539
-11.76099967956543
-11.176600456237793
-15.65369987487793
-11.6847
-15.932
-9.6816701889
-13.2192
-3.0282099247
-23.493499755859375
-24.4799995422
36.562
34.52190017700195
39.71139907836914
34.858001708984375
43.5786018372
35.5529
44.252998
35.5547
35.415
50.748
49.14939880371094
45.3046989440918
47.45470047
45.5549
33.8358001709
31.0119991302
37.25310134887695
34.348201751708984
40.10169982910156
37.04100799560547
16.5949993134
23.907
13.276000022888184
21.96430015563965
34.0570182800293
24.956199645996094
37.234100341796875
31.8212
29.6709
39.757801
33.8021
33.5035
32.83330154418945
30.91699981689453
32.27180099487305
70.92109680175781
-98.42179870605469
-84.19450378417969
-83.32630157470703
-105.990997314
-92.40029907226562
-118.288002
-83.56030273
-97.15470123
-78.64009857177734
-103.5960007
-81.1241989136
-81.46649932861328
-91.12550354003906
-124.2369995
-89.57080078125
-84.47239685058594
-80.2281036377
-123.5
-88.48909759521484
-99.9655990600586
-78.8986969
-91.48429870605469
-115.79199981689453
-70.95690155029297
-78.88030242919922
-106.614998
-98.30960083007812
-93.09619903564453
-82.55799866
169.119507
-92.5448989868164
-98.67819977
-105.67500305175781
-79.40480042
-100.6839981
-72.30419921880001
-121.733002
-76.29609680175781
-109.46700286865234
-79.20040130615234
-86.23819733
-105.88600158691406
-87.61019897
-124.24600219726562
-87.16680145
-89.33709716796875
-112.59600067138672
-100.2860031
-84.79669952
-70.8233032227
-75.96520233154297
-89.46749877929688
-109.065001
-72.94960022
-120.641998291
-106.9800033569336
-74.2061996459961
-97.6521987915039
-120.4570007
-88.7698974609375
-91.19460297
-96.91850280761719
-83.27670288085938
-107.95099639892578
-120.5439987
33.49610137939453
-2.32223510742
-2.3911099433898926
-0.312222
6.482
24.950899124099998
18.240996
17.159084
7.36872
14.9113
-31.1136
17.297500610351562
29.47170066833496
43.1150016784668
38.84709930419922
36.9535217285
43.025978088378906
38.4688987732
30.368400573699997
27.0137996674
36.567101
18.6135005951
-71.14230346679688
-71.8025
-71.1999969482
-69.7419967651
-69.98560333251953
-88.583801
-91.501999
169.852005
-84.352203
-83.781197
171.733002
-100.887001
-111.61499786377
-114.024002
-96.7975006104
-80.40969848632812
-79.86740112304688
-78.1572036743164
-78.1417007446289
-83.6095
-83.58560180664062
-85.37079620361328
-83.30000305175781
-84.13980102539062
-74.17030334472656
-72.84860229492188
-79.99720001220703
-77.589798
-75.673797
-75.452301
-74.1824035645
-77.30000305175781
-158.11900329589844
-157.9066619873047
-161.0019989013672
-157.34500122070312
-157.7030029296875
-158.03240966796875
-179.341995239
177.197006226
178.156997681
177.098007202
179.951004028
179.339996338
-178.817001343
179.33999633789062
-179.876998901
179.42199707
177.0709991455078
179.341003418
-174.957992554
-174.34100341796875
-175.632995605
-173.791089
-178.9759979248047
-169.92559814453125
-178.065994263
-172.25799560546875
-146.414993
-146.2570037841797
-139.011001587
-140.078003
-139.552002
167.712005615
167.537002563
166.638000488
168.343002319
167.923996
167.966995239
168.151992798
168.257003784
167.829253
168.158996582
168.082992554
168.17199707
167.401001
167.587005615
167.835006714
167.220001221
168.550994873
168.3011
168.177001953
167.4472
166.557998657
169.770996094
169.6009
169.00100708
170.231994629
169.283333
167.8040008544922
163.66099548339844
167.45599365234375
70.518097
40.099998474121094
45.199600219699995
48.282901763916016
58.45000076293945
56.05110168457031
57.30820083618164
57.59519958496094
51.464698791503906
53.193599700899995
54.3833007812
48.4244003296
45.0686988831
55.60919952392578
70.527901
71.71800231933594
71.80059814453125
64.3998031616
70.48590087890625
70.89659881591797
61.8054008484
68.366096
66.6473007202
64.58599853519999
70.0716018677
75.53600311279297
67.71720123291016
63.03020095825195
45.316738128699996
41.19139862060547
48.78829956049999
-176.64599609375
-135.7070007
-135.3159942626953
-159.77499389648438
-135.5240020751953
-160.34100341796875
-155.6060028
-163.6820068359375
-159.54299926757812
-165.6005
-132.3699951
142.932998657
144.819900513
-156.973999
162.3280029296875
119.958
120.7300033569336
120.002998
144.192993164
141.38134
130.302001953
136.9239959716797
131.789993286
140.43099975585938
140.371002197
139.787002563
139.559997559
126.61599731445312
126.379997253
127.963858
128.669006
128.071747
127.498741
120.27100372314453
121.06900024414062
124.70700073242188
121.01100158691406
119.742996
125.480947495
126.1709976196289
123.2699966430664
121.980003
120.3030014038086
121.733150482
124.20600128173828
124.54499816894531
124.63600158691406
123.630095
122.75199890136719
-63.7937011719
-68.9653015137
-65.0343
-72.248596
-70.150002
-56.7218
-58.8172
-39.270099639899996
-41.2770004272
-41.7659988403
-49.926399231
-40.8630981445
-53.688202
-53.697498
-69.76519775390625
-71.91590118408203
-47.490002
-89.617401
-79.371902
-79.62660217285156
-57.777599334717
-75.9557
-74.7708
-69.5797
-77.2806
-67.9062
-72.384
-65.3455963135
-67.551155
-66
-67.353401
-66.73750305175781
-55.190701
-39.864200592041016
-78.4894027709961
-76.20480346679688
-74.9615020752
-54.520401
-67.64942169189453
-71.672668
-61.8465003967
-61.828602
-61.0844
-61.7421989440918
-61.26250076293945
-61.27000045776367
-62.589900970458984
-64.42749786376953
-61.2620010376
-61.41194534301758
69.594597
69.18389892578125
67.733299
82.49420166015625
63.55030059814453
46.31760025024414
45.45840072631836
124.91400146484
112.029998779
147.90199279785156
161.33799743652344
128.90299987793
136.9340057373047
177.740997
143.05650329589844
165.761993408
37.44960021972656
39.3740997314
35.31570053100586
33.209999084472656
36.290000915527344
24.686100006103516
25.98080062866211
26.141599655151367
22.263399124145508
35.7333335876
38.015800476100004
61.556400299072266
46.6974983215332
34.154701232910156
24.053800582885742
30.09510040283203
92.11250305175781
94.40059661865234
86.877197
102.49099731445312
86.62190246582031
43.636600494384766
44.6066017151
44.33089828491211
-158.617996216
-81.20770263671875
-90.98560333251953
-119.11900329589844
-165.778895617
-122.93800354003906
66.61100006103516
69.08609771728516
65.614998
63.60191345214844
53.45750045776367
49.348300933838
72.69889831542969
77.32890319820001
72.6500015258789
65.41560363769531
69.6947021484375
72.2939987183
71.7450027466
71.5567016602
59.62329864501953
60.641700744628906
65.9215011597
67.30999755859375
38.92940139770508
36.5900993347168
36.29560089111328
39.53779983520508
63.993099212646484
52.801700592041016
47.904701232910156
47.3473014831543
48.80270004272461
58.59560012817383
45.02109909057617
45.212257385253906
47.7456016541
75.08489990230001
80.32029724121094
81.23519897460001
103.2239990234375
91.97869873046875
91.58589935302734
93.77110290530001
92.78469848632812
90.30120086669922
100.43699646
84.429398
88.07959747310001
84.22875
81.66699981689453
73.155602
73.17050170898438
73.52189636230469
98.54509735107422
108.120002747
106.7249984741211
109.21900177001953
106.633003
105.711997986
103.008003235
109.042
108.01699829101562
105.67099762
97.24620056152344
98.20359802246094
98.53800201416016
97.21479797363281
97.66069793701172
94.7799
95.11125
117.41200256347656
119.244003
138.6755
140.779
117.373611111
114.5306
117.431999
115.435997009
112.974998474
132.7310028076172
124.59700012207031
113.766998291
115.153999329
115.05000305175781
112.080002
115.61799621582031
115.407997
115.47899627685547
118.65763
116.83599853515625
105.175556
106.89099884033203
108.388
112.93699645996094
111.4729995727539
103.87999725341797
96.95030212402344
100.5530014038086
115.6921
117.666666667
114.970297
117.80899810791016
128.451004
141.72065
145.307006836
142.1734
139.34800720214844
141.472000122
148.95199585
139.4600067138672
145.95199584960938
139.53399658203125
142.218002319
151.73500061035156
139.89999389648438
149.651992798
148.8070068359375
113.67174
145.79400634765625
134.7209930419922
143.07000732421875
140.503997803
133.7100067138672
145.1840057373047
145.6219940185547
148.37600708007812
143.113311
148.973999023
138.822006
143.76699829101562
146.429992676
135.570999146
121.822998
147.992996216
114.707001
151.223007
136.460006714
146.067001343
142.289993286
130.638000488
147.333999634
144.22500610351562
141.72300720214844
114.259169
143.8780059814453
130.80799865722656
140.8300018310547
141.75100708007812
142.218002319
121.31500244140625
135.80599975585938
159.07699585
143.304993
153.259994507
147.98399353027344
144.279998779
120.7030029296875
122.42400360107422
142.18299865722656
118.5479965209961
149.901000977
134.893997192
134.23399353
136.083999634
142.085998535
117.84200286865234
149.845001221
148.07699585
150.143997192
140.78500366210938
139.17799377441406
144.054992676
152.714996
146.511993408
149.82699585
141.069664
119.803001404
136.876998901
137.7169952392578
146.58099365234375
117.745002747
96.8339004517
136.817993164
148.238998413
135.880004883
141.60908
152.863006592
141.4709930419922
144.2530059814453
134.8979949951172
148.774993896
148.59500122070312
113.577003479
142.625
145.29200744628906
143.81100463867188
134.18299865722656
131.00497436523438
142.8249969482422
142.66700744628906
137.51400756835938
120.22100067138672
150.78900146484375
143.08599853515625
145.7310028076172
143.405673
142.7760009765625
116.38800048828125
118.90799713134766
113.125999
113.482002
111.823997
109.99700164794922
114.6969985961914
122.199997
122.008333
115.96399688720703
109.293999
111.63999939
110.443001
116.13300323486328
113.375999
109.390999
110.358002
109.48500061
112.614998
112.291
111.479988
108.931
94.786102
107.206014
107.602997
102.042999
109.554001
109.590927
102.802001953125
96.22109985351562
100.7040023803711
104.43000030517578
91.6281967163086
100.0989990234375
99.6772
98.5317
100.959
103.75499725341797
114.778889
117.176002502
115.801111
118.899002
118.873611
121.42900085449219
118.41200256347656
118.589996
118.25599670410156
119.119003
122.22899627685547
120.429000854
118.000999
120.851997
120.203056
120.031997681
122.361999512
97.1082992553711
107.4295
105.7020034790039
105.39299774169922
104.74099731445312
106.1626
94.33529663085938
108.433
80.291702
85.465556
82.872917
86.12889862060547
84.9527
81.330299
127.308883667
130.464996338
121.06199645996094
123.91799926757812
129.451004028
-155.8607
120.55500030517578
-66.66999816890001
-9.653610229492188
-9.467780113220215
13.3255558014
65.03050231933594
-71.87570190429688
117.050003
119.731003
111.031388889
98.3414
124.286003
109.861388889
101.79852
-122.76499938965
-95.202796936035
-92.15609741210001
-0.8538500070571899
-70.2213973999
-62.84360122680664
41.019401550299996
41.128101348899996
41.482799530029
-5.399670124053955
-52.2682991027832
6.6347198486328125
-117.980003357
-80.709099
65.1707992553711
5.3244900703399995
-1.1952799558639526
-114.2959976
-93.3312988281
-111.6549988
-53.204201
-151.7429962
-160.190994
-157.43600463867188
-171.73300170898438
-166.1470032
-158.7409973
-163.302002
-164.56300354003906
-166.27099609375
-155.4700012
-166.089112
-170.4929962158203
-162.97500610351562
124.56500244140625
-77.28690338134766
-69.95580291748047
-145.578995
7.206029891967773
-84.634499
-85.013802
121.752998352
33.58829879760742
-41.982200622559
-166.85899353
23.068899154663086
-126.596001
-77.72949982
-72.4083
83.4496994019
-160.5229949951172
93.669197
111.248001
122.084999084
46.127899169921875
54.4012985229
46.40480041503906
47.881500244141
83.3407974243164
40.6316986084
64.23320007324219
-162.76600647
-5.65556001663208
-3.62076
157.87600708007812
50.842201232899995
76.26339721679688
77.31670379639999
77.068001
-155.90199279785156
-157.32800293
-162.26600646972656
-158.63299560546875
-160.39700317382812
22.467199325561523
114.78299713134766
167.690994263
120.434998
37.534195
-84.543602
-65.46029663085938
74.3638916016
-55.09429931640625
14.6453
24.176701
30.5194
26.4267997742
41.66120147705078
35.066398620605
27.919099807739258
29.5625991821
-61.5806007385
94.05110168457031
-65.4226989746
-58.6582984924
48.5525016784668
121.82599639892578
153.02999877929688
149.132995605
152.514007568
114.64600372314453
9.69999980927
-87.0936965942
-139.660003662
149.7259979248047
151.341995
150.83200073242188
149.610992432
151.492912
-65.304324
-89.01110077
-117.35399627686
44.348899841308594
51.3149986267
175.4720001220703
-88.1145019531
-152.621994019
-86.8211975098
-149.41900634765625
-90.38289642330001
-89.6266021729
61.896702
-16.918100357055664
2.1050798892974854
148.755
-85.3958969116211
-86.93689727783203
-115.19400024414
-87.92780304
-107.893997192
-108.459999084
-118.841003418
1.013
23.1478
132.3780059814453
150.53700256347656
25.487165
31.1583003998
23.8981
-88.55699920654297
7.913888931274414
144.330001831
-120.207000732
-66.6753005981
157.14300537109375
108.064
105.7300033569336
-152.8059
6.61667013168
8.87860965729
6.86471986771
38.8491667
38.0124807358
38.150002
40.15739822387695
122.43
116.346667
-83.6417007446
88.08580780030002
18.72480010986328
-97.4414978
96.200996
98.735901
117.33
106.7993
-87.41280364990234
-94.13809967
-80.3994979858
-77.38529968
-164.285995483
-119.20700073242
-93.200544
109.308889
114.736999512
-146.3683
-73.928901672363
52.092498779296875
5.81778
126.014
7.497777938842773
30.9137992859
31.99530029296875
-81.339798
31.9197998046875
86.0614013671875
-122.8130035
-81.4371032715
-82.57689666750001
-111.851997375
-112.061996
-106.8690033
48.226699829100006
-99.08570098879999
-75.35890198
-130.2830047607422
-98.8591995239
-99.27320099
-90.652000427246
-91.83070374
-93.50980377
-96.18499756
-89.26830291750001
-89.73090363
-97.018303
-118.416
-118.1520004
7.8790798
-9.510899543762207
77.66000366210001
-97.86060333250002
69.26499938959999
47.580501556396484
-94.909698486328
-90.253402709961
-106.9329987
109.120003
-118.33999633789
-86.24690247
-81.9905014
-68.31279754639999
-79.25800323
-74.7799987793
-84.6158981323
-78.8964004517
-98.90879822
-102.802001953
-104.193001
-103.095001221
-102.804000854
-100.5920029
-81.051399
-104.8069992
-105.574996948
-111.1179962
-105.866997
-109.7549973
-114.8420029
-109.5100021
-105.53500366211
-110.005996704
-116.1009979
-113.880996704
-118.8379974
-123.024002075
-122.910003662
-123.878997803
-124.057999
-164.4909973
-160.798996
-149.598007202
-159.569000244
-159.216003
-151.005996704
-162.0438843
-162.5240021
-161.444000244
-163.169005
-162.026000977
-161.319458008
-157.259002686
-159.050003052
-143.740005493
-141.151001
-154.2630005
-156.3509979
-158.074005
-146.365997314
-147.406997681
-144.7830048
-157.16200256348
-117.8300018
-119.392997742
-120.5139999
-57.770599365234
-47.10820007324219
-112.375999451
151.916
141.809458
66.95279693603516
-134.585007
-136.347000122
-134.897994995
-135.410111
-131.578003
-132.8280029296875
-157.375
-159.162993
-157.572006226
-157.007995605
-154.182998657
-154.449996948
-153.977996826
-157.856989
-161.149002075
-160.43699646
-156.897003174
-161.0189972
-159.9859924
-166.466003418
-162.2720032
-163.007003784
-166.339004517
-168.095
-163.412994385
-161.154006958
-162.1100006
-161.223999
-167.9219971
-174.2059937
-168.8489990234375
-142.494541
-164.659927368
-164.031005859
-163.41000366210938
-161.16000366211
-160.561004639
-133.076004028
-161.845
-163.533004761
-157.727005005
-165.570999146
-154.8390045166
-162.880996704
-154.358002
-161.231002808
-159.994995117
-70.113602
-68.9041976929
-72.52839660644531
-65.33940124509999
-69.5748977661
-147.992004395
-142.9539948
-144.076008
-157.166000366
-152.302002
-150.643997192
-61.184399
-59.78507
-71.929397583
-71.64189910889999
-63.61140060424805
-68.49690246582031
-98.512199
-101.46900177
-98.9072036743
-101.679001
-95.4657974243164
-97.76080322265625
-93.55719757080078
-119.40799713134766
-110.744003
-123.949996948
-123.4969
-123.012001
-122.630996704
-114.077002
-83.06379699707031
-84.5999984741211
-84.40889739990234
-84.77777862548828
-83.96939849853516
-84.7699966430664
-85.481399536133
-70.721900939941
-78.33209991455078
-65.6434020996
-64.9406967163086
-70.812202
-70.4589004517
-66.8483963013
-67.4968032837
173.04100036621094
-54.05009841918945
-54.672766
-54.4003
-57.039398193359375
-55.442501068115234
-54.41666793823242
-56.32749938964844
-56.673328
-60.03499984741211
-59.12419891357422
-60.2942008972168
-60.614200592041016
-59.78329849243164
-59.151100158691406
-55.83000183105469
-77.3
-71.857179
134.69500732422
-76.6056
-74.8089
-75.1985
-76.7
-75.5854
-42.074298858599995
-55.58610916137695
-49.132198333740234
-50.32849884033203
-50.443599700927734
-48.520999908447266
-56.777198791503906
-45.00899887084961
-50.518611907958984
-48.195301
-48.240501
-60.364898681640625
-47.3829
-54.926601
-64.76950073242188
-54.7248
-51.520198822
-51.5532989502
-50.956111907958984
-46.960399627686
-57.7248
-59.60240173339844
-63.132598876953125
-62.919601
-56.40039825439453
-42.74610137939453
3.351
21.358200073200003
20.7320861816
15.4553194046
20.274000167799997
28.71660041809082
-77.98459625
38.5
42.9121
38.7415
37.71699905395508
38
39.0059
40.0463033
10.674076080322266
35.008057
38.1951408386
29.6690006256
-7.6969499588012695
32.929351806599996
-13.322799682617188
55.205299
31.521577835083008
10.438611
36.282222747800006
-147.662002563
113.069999695
114.599998474
0.535023
-23.546199798583984
-21.326900482177734
-19.572799682599996
-9.568059921264648
89.9225006104
68.86470031738281
39.944400787353516
112.480003
114.08000183105
45.7229995728
-0.316666990519
-3.97
44.404317
-6.243060112
-81.05719757
-79.9301986694336
-81.876701355
-84.5214004517
65.8657989502
61.865833
65.26699829101562
115.734364
116.747001648
99.168297
104.959444444
109.1499
-83.072998
-96.8364028931
-86.47149658
32.506401
168.100998
109.7
-66.08809661865234
-77.60880279540001
-75.67130279540001
100.025001526
-50.0013885498
106.25800323486328
52.737701
51.545101165771
43.1474
134.78700256347656
130.158997
129.927993774
127.240997314
96.5258
103.47599792480469
91.938273
120.1050033569336
69.80500030517578
119.417999268
59.826698
115.40599822998047
123.66100311279297
148.12600708007812
130.6199951171875
146.13999939
145.454571
142.06500244140625
127.66999816894531
125.55899810791016
120.208000183
-111.72299957275
-106.8659973
-112.508003235
-110.7509995
-106.268997192
-114.358002
-110.722999573
-109.505996704
173.27099609375
173.82899475097656
173.63699340820312
173.44200134277344
176.80299377441406
175.97000122070312
176.0070037841797
176.410003662
172.811005
172.99200439453125
173.031005859375
174.42799377441406
175.06399536132812
175.6790008544922
172.77499389648438
160.948611111
161.979546547
156.396111
162.454108
159.21841
158.119305556
-81.78340148930002
-169.425003
-121.819999695
-120.040000916
18.122699737548828
19.719400405884
-116.16000366211
-118.450996399
-116.27500152588
-111.91100311279
-122.9029999
-107.726997
-106.823997
-84.3020019531
-86.61669921875
-80.22109985
-74.41490173339844
-122.280998
-116.98000335693
-82.440299987793
-80.69339752
-85.795414
-117.23500061
-38.992401
-36.01350021362305
166.63600158691406
-43.46030044555664
-122.25
-77.89189910888672
-151.03399658203125
-116.97200012207
108.952003479
104.03299713134766
-120.13999939
Jun-57
144.33299255371094
-110.447998047
-110.200996399
-74.007103
-82.018602
86.7124
-117.127998352
8.642661
76.655833
-84.224899292
-83.66870117190001
137.962875366
-96.19120025630001
-0.8083329796790001
-1.10943996906
-103.78299713135
18.51720047
-89.78690338130001
-71.4786
32.0886001587
-105.1169968
-123.0029984
-90.346702575684
30.663000106811523
-108.730003357
-88.034401
-89.0416030884
-83.96240234
-86.41970062259999
-95.984596252441
55.3661994934
32.28499984741211
28.46139907836914
-112.144996643
38.061699
98.48583333330001
33.570999145500004
64.2246017456
-94.890296936
-76.06900024410001
11.067999839782715
-121.5699997
-97.9598999
-99.743598938
-88.09619904
-122.056999207
-80.274803161621
97.0363888889
119.125
-78.894997
7.82772016525
95.093479
-82.23139953610001
-83.840202331543
-69.9693984985
132.53199768066406
132.89300537109375
-13.12909984588623
-95.622497558594
-86.5201034546
-85.898101806641
80.0530555556
11.42029953
-87.901494
-122.898002625
-138.57000732421875
-77.418
36.40140151977539
39.571098
-83.792098999
-111.218002319
-111.766998
-112.685997
-84.56259918
-103.2649994
-107.1999969
-74.2814025879
-92.54949951170002
-83.881301879883
-115.134002686
30.1919002532959
-83.4885025024
21.213300705
-112.083000183
-118.182998657
-73.4133987427
105.154454
-148.910995483
-150.64399719238
23.783000946044922
120.65399932861328
-80.6463012695
97.86699676513672
55.161389
-97.0446014404
6.652219772338867
6.577942
106.959999084
15.91189956665039
17.05940055847168
11.952777862500001
8.686944007873535
-122.40100097656
-122.949997
69.952003479
97.383003
-118.955001831
-120.90399932861
-122.251998901
-122.55599975586
-120.399002075
-123.814002991
-117.01399993896
-121.166999817
-77.1660003662
68.838517
-77.25170135498047
17.732500076294
-111.18299865722656
-49.090301513671875
-74.56330108642578
-43.1730575562
-72.6139984131
-96.8682022095
63.210773
-71.8033981323
-71.577796936
-164.70100402832
-165.0870056
-21.971679925900002
28.613778
-84.63739777
-60.679401
-61.265800476100004
-55.784999847399995
-118.413002014
-120.111999512
-117.60900116
-85.0325489044
-54.373056
-54.037201
-54.034401
86.9959
-77.35
31.742778
-55.476200103759766
-46.4911994934082
-49.0502866745
-51.0499000549
-49.97990036010742
-51.9523
-56.452499
-50.68960189819336
-50.9398002625
-66.89749908447266
-69.87979888916016
-52.05270004272461
-53.063499450683594
-51.5635986328125
-85.02749634
-53.31380081176758
-43.650398254399995
-66.0831985474
-68.9204120636
-63.072101593
-64.9923
-55.83620071411133
-38.9990005493
122.22899627685547
32.300598
69.07722222219999
-80.36830139
-70.728798
-71.412101745605
-71.1728973389
-72.715599
-74.26460266
-76.85150146480001
-73.48220062259999
-71.51480102539999
-71.1233978271
-73.135200500488
-85.15799713130001
-86.088996
-83.66739655
-84.87020111
-85.072601
-84.8824005127
-83.8302002
-81.419700622559
-80.6975021362
-82.0393981934
-81.611397
-82.56639862
-83.29579926
34.39720153808594
27.9750003815
36.58300018310547
39.101398
-5.86667013168
-11.04539966583252
-12.383000373840332
87.9353027344
89.994003
-97.31880187990001
140.6739959716797
138.42599487304688
115.540001
128.11500549316406
-92.8364028931
-86.34439849853516
-83.68609619140625
-84.75890350341797
-79.98139953613281
-85.86060333251953
-84.78669738769531
-81.85810089111328
-95.21659851
-80.111099243164
149.72000122070312
38.1288888889
131.78199768066406
116.276675
-121.333000183
114.425555556
-84.08489990230001
-78.93669891
20.6518
131.193
126.711997986
-97.04329681396484
66.698601
-87.8152008057
119.507697
89.311401
-122.5780029
-87.67179871
-90.9530029297
26.933399
132.41400146484375
131.8249969482422
-75.9949035645
-78.7609024048
128.1529998779297
-130.25
36.3666687012
-90.181602478
-88.17549896
-89.153099
-84.45939636230001
-75.2650985718
-80.8498001099
-81.3423996
-81.52780151
-81.753304
-82.15589904790001
-82.22419739
-81.684998
-80.56490325930001
-79.05940246579999
-79.3911972
-80.953903198242
-77.42230225
-81.68329620361328
-79.27200317
-74.845703125
-74.2445983887
-85.083504
-82.7586975098
-87.60790252685547
-78.72389984130001
8.396944
-75.8511962891
-81.3897018433
-52.111630439799995
107.7428
-84.90470123
-70.2835006714
-81.672501
-83.74389648440001
-84.47499847410002
-90.18930053710001
-89.83899688720001
-90.3291015625
-70.91649627689999
37.507222
-72.67939758300781
-90.324897766113
-91.4284973145
-3.372220039367676
-93.05999755859375
17.09910011291504
106.410698891
80.37966918945312
-9.484169960021973
29.0555000305
-84.5220031738
39.64830017089844
40.00400161743164
35.242093
38.06520080566406
47.063713073699994
45.3045272827
52.20033645629999
85.8332977295
-88.48840332030001
-89.530296325684
143.261551
13.774443626399998
108.488995
-82.7238006592
-75.52639770507812
-78.0626983643
-87.4150009155
-120.468002319
-75.8655014
64.36499786376953
48.8180007935
47.7125
46.667221
-73.96189880370001
136.854995728
129.545288
108.831111111
-84.026703
127.473999
-81.39129639
-80.39140319820001
-79.3196029663
-84.8323974609375
-122.216003418
-117.78199768066
-83.10479736330001
-82.8864975
-97.21499633790002
0.131944
-102.9850006
150.942001343
134.525485
146.01199340820312
-158.070009
67.81700134277344
127.602222
129.647555
140.19700622558594
22.713611
-83.422302
72.8358333333
111.610043
14.3930997849
115.1129989624
150.09300231933594
-105.225997925
6.565
-122.114997864
143.11500549316
-111.727996826
119.7198
-83.420097351074
-10.124400138855
-72.27079772949219
105.86000061
-81.3015975952
73.4336
0.5033329725265503
-64.93595
18.111400604248047
101.734722
46.2599983215332
-91.5465011597
89.0987
-76.568398
36.529999
114.242996216
28.738611
81.124128
-103.51100158691
-89.25279999
-48.467999
-47.903703
-97.385902404785
52.580278
-72.74140167239999
106.05500030517578
106.216944444
122.666944444
-0.138611003757
124.1175
150.61700439453125
-122.122001648
172.98899841308594
148.755556
-83.74559783939999
145.39300537109375
147.51199340820312
151.61900329589844
143.375
105.472097
114.825996399
135.029
43.8766479492
38.895592
30.128111
30.60810089111328
151.647995
149.27000427246094
-122.31999969482422
-81.01360321044922
-46.537508
115.401596069
153.7364
151.143997192
151.68899536132812
-81.40100098
123.91699981689
114.3062
-77.507400512695
-87.85140228
119.437143
81.66899871826172
-111.32800293
-109.6350021
117.7627
127.292999268
75.21499633789062
-89.561798095703
-149.58700561523438
-73.6102981567
-76.413803
-70.9478988647
-90.028297424316
-116.8199997
-94.21579742430002
-87.59590149
149.26699829101562
-80.799201965332
28.3500003815
-1.98305555556
36.978485107421875
-95.58830261230001
-93.45709991460001
34.737222
-94.73760223
80.7285003662
9.941389083862305
99.25330352783203
-79.55560302730001
-79.17169952392578
-79.829697
-77.51540375
-95.462097168
40.5959625244
33.795799255371094
111.142778
100.053333
102.6447
14.607182
170.417007
150.8889
134.43499755859
125.40899658203125
120.471001
83.3786
-154.325863
7.0108299255371
43.266998291015625
42.91699981689453
-91.15059661865234
-13.746399879455566
29.009199142456055
140.994
-97.2744979858
147.5679931640625
17.917499542236328
-110.406997681
-122.983001709
-111.0350037
-85.1288986206
-75.69550323
-85.433998
-82.98529816
-137.01699829101562
-123.2900009
135.5244
148.6490020751953
-112.0120010376
-103.222000122
-123.14800262451
-161.97900390625
-161.7779999
-123.233001709
-57.185302
-78.39969635009766
-58.655207
-75.1222991943
-75.94999694824219
-51.684200286865
100.675003052
-61.4508
-77.049797058105
-73.715693
-97.08570098877
-95.948699951172
-96.7731018066
-99.20050048830001
-97.0375976562
-97.64710236
-93.7450027466
-98.177696228027
-96.671303
-101.891998291
-82.5614013672
-81.09829711910001
-79.33609771728516
108.029998779
-79.95700073
-6.315905
42.0582
117.63500213623
-12.483599662780762
6.665278
8.093
31.13330078125
35.58300018310547
117.6856
122.853996
125.140555556
107.0007
129.019125
105.873333333
-5.699999809265137
151.793335
125.703333333
120.401001
137.957
133.5164
134.5061
98.991898
96.21700286865234
122.56900024414062
127.89600372314453
126.672997
117.543
102.135
137.6225
140.6277
136.43515
147.62100219726562
142.44700622558594
143.11500549316406
123.82800293
98.885278
-84.68800354
126.486
-118.035004
62.18299865722656
95.33560180664062
37.62889862060547
23.034000396728516
-98.471099853516
-94.03489685
-104.017997
-103.683998108
-15.838079452514648
-88.4461975098
115.677001953125
-117.68800354
-86.00319671630001
-80.9952011108
-82.376404
-80.11920166019999
-92.530097961426
-79.5958023071
-80.127899169922
-81.80870056
-45.91910171508789
-44.870899200439
38.21
36.75809860229492
114.3401
112.096667
-117.637001
123.805999756
-79.1472015381
-120.6269989
116.41092
-122.500999451
107.6997
-118.2190018
118.81300354004
-40.491901397700005
-45.075599670410156
136.302001953125
-0.7591670155525208
-77.583333
134.366447
32.30970001220703
104.979
107.988
110.34
114.930000305
119.9117
112.627998
102.35224
127.486
45.0125999451
-86.05090332030001
-82.34999847410002
-64.32969665527344
-86.012101
-85.89990234
147.659805556
147.669444444
147.68425
147.666722222
-85.9629974365
129.5290069580078
130.4219970703125
51.608056
-111.700996399
-99.336502
-98.74690247
-99.7772979736
-95.760597229
-86.05899810791
-90.431098938
-101.508003235
-95.77839660640001
-95.8635025024
-95.450798034668
-95.5718994141
-104.633003235
36.0022010803
-96.52020264
-118.007003784
20.9377
-75.378897
-75.381896972656
-115.541861057
-116.850997925
-97.435096740723
-41.51359939575195
-82.44930267334
-41.96289825439453
-41.8759002686
-44.4803009033
24.4829998016
23.372501
-59.457273
-58.489444732666016
-58.701668
-51.1422233581543
-57.5495
-57.62990188598633
-57.4435005188
-52.27055740356445
-59.9458
22.481701
-36.62919998168945
-43.077301025390625
-41.52370071411133
29.4739
20.850000381469727
-71.920797
-87.00710297
73.1302
131.305999756
-54.21670150756836
-58.0619010925293
-56.50790023803711
142.17300415039062
143.5330047607422
177.368
110.47838
26.99
106.821699142
-53.503501892089844
-86.40789795
-121.819000244
56.62541
69.31670379639999
68.878098
73.1533
73.025
146.033833333
38.080994
44.2381
90.7471
120.793658
77.81809997559999
102.348333333
82.3
89.512006
90.57080078125
111.641236
-117.752998352
-121.790000916
90.46412
-121.410003662
138.4810028076172
-90.3768997192
119.324403
117.8336
149.89999389648438
-123.162002563
-73.6753005981
-126.91600036621094
-81.508301
-121.62699890136719
-132.42300415
-72.375
-78.249702
-121.498001099
-137.54600524902344
-65.7854247093
-123.46900177
-105.61799621582031
-99.98529815673828
-67.45330047607422
-70.2238998413086
-80.8375015259
-61.3680992126
-81.11080169677734
-75.64610290530001
-75.94059753417969
-67.83470153808594
-119.33100128173828
-140.86700439453125
-119.228996
-96.50969696039999
-101.26599884
-118.43099975585938
-98.04609680175781
-97.70780181884766
-97.16419982910156
-97.2741937637
-113.997001648
-129.982434511
-91.7177963256836
13.306
-3.56064009666
23.1325278
26.6650009155
23.43910026550293
26.115801
13.84749984741211
35.266998291015625
14.979999542236328
31.8433333333
-90.0459976196
-95.39469909670001
-85.8963012695
-99.3238983154
-118.363998413
-117.808998108
-110.1110001
-92.47049713130001
-85.2515029907
-113.772003174
-92.6108016968
-95.4850997925
-81.51439666750001
-85.08499908450001
-77.1809997559
-116.7870026
-107.721000671
-116.032997
-114.623001099
-86.52290344
-124.112998962
-91.44429779050002
-99.7634963989
-118.565002441
-100.4079971
-90.47190094
-89.25199890136719
-80.80130005
-69.93859863
-81.42469788
-80.859497070312
-92.44789886
-85.71340179
-109.8069992
-73.88420104980469
-98.811798095703
-95.08229828
-121.60600280762
-117.086998
-123.20099639893
-89.536796569824
-95.5871963501
-100.5479965
-117.805999756
-99.5226667
-81.89209747310001
-3.78514
0.073333
-1.2183
9.98795
20.2575
-90.44529724121094
-87.621201
-85.016197
-81.9208984375
-84.1520004272461
44.121201
42.80350112915039
46.72520065307617
52.35219955444336
50.826698303223
47.791900634799994
72.4009017944
72.66500091552734
43.125099182099994
-149.07400512695312
-149.539993286
132.235992
127.785003662
124.7509994506836
126.3219985961914
126.27368
-48.594100952148
-45.51599884033203
-70.06289672851562
-70.6072998046875
-71.60169982910156
-72.34860229492188
-70.37590026855469
-73.5627
-75.6913
-74.6574
-71.8866
-75.234
-77.16000366210938
-78.774002
76.713046
121.69333648682
146.231506
140.033996582
140.649994
42.07279968261719
60.110321044921875
123.361000061
73.327797
80.9814
87.243
77.7910995483
32.025
146.584
142.98899841308594
146.0070037841797
143.5780029296875
146.81700134277344
136.5050048828125
146.35699462890625
147.88800048828125
148.0279998779297
148.2169952392578
144.945999146
148.36399841308594
144.76199340820312
147.934998
150.25100708007812
144.8300018310547
142.36000061035156
143.93899536132812
152.77000427246094
151.84100341796875
146.470001
145.41900634765625
134.7469940185547
148.22500610351562
137.9949951171875
145.08399963378906
130.6540069580078
142.74099731445312
142.05799865722656
148.24099731445312
146.3070068359375
142.41900634765625
147.80299377441406
146.965335
147.190994263
148.2480010986328
111.69499969482422
110.907778
90.841495
113.28500366210938
117.320244444
120.50165557861328
118.408997
90.24749755859375
122.3586
140.448
78.4298553467
2.609679937362671
2.940381
132.80499267578125
43.62860107421875
131.8350067138672
7.373332977294922
-122.42099762
150.32000732421875
-85.585297
-86.94539642330001
-85.9536972
129.07000732421875
-87.1826019287
72.052222
105.58858
151.997777778
146.649541855
-81.73690032959999
131.20700073242188
133.253997803
134.582992554
-49.0596
26.519791
21.242799758900002
-88.1278991699
-84.7035980225
-85.6129989624
19.839199
-23.224700927734375
-91.12370300293
16.660800933838
-105.6719971
-104.5019989
-100.99600219727
-92.59030151
-101.393997192
-5.645943
7.16333293915
143.139008
-120.0759964
97.268658
110.454775
148.21499633789062
113.108056
-7.566999912261963
-9.1669998168945
-8.7017974853516
117.275
110.642
-39.66849899292
-81.956497192383
121.057426929
5.621944
15.91
-95.5062027
101.9
-82.39550018310001
-17.073333
-82.84729766850002
140.72500610351562
-50.1441
-92.015484
153.10000610351562
-158.529007
-106.585281372
-86.033361
-53.6218696833
-53.4602075815
-53.123295307199996
-51.1143153906
-51.3009166718
-51.8322622776
-45.9140619636
-53.4414589405
-55.400833
-55.672341
-55.837495
81.66521
118.336998
130.394
135.64500427246
120.26916503906
145.682998657
142.082993
111.044444
-162.899002075
18.066999435424805
1.0925
12.25006
34.9197006226
9.744
10.896388888899999
-14.968099594116211
31.716944
39.508619
37.326900482177734
28.872600555419922
68.412902832
123.019722
105.797
117.9643
124.550178
132.660278
106.33268
107.961667
118.073889
126.133
101.0005
101.546
119.407222
100.301144
77.075192
96.1343994141
99.373611
99.786389
100.7593
-61.179100036621094
112.969173
122.767503
75.758797
76.6349472222
74.378889
82.552001953125
113.89023
99.70069885253906
100.37000274658203
103.3931
101.4683
126.7012
127.0999984741211
134.212005615
125.96700286865234
132.4633
117.866996765
121.4141
122.569371
57.799301
101.7093
83.66629791259766
86.733902
57.634167
132.48300170898438
119.16600036621
-179.66700744628906
177.5449981689453
175.08599853515625
139.482006
-141.26699829101562
-145.32899475097656
-138.77200317382812
-138.85299682617188
-142.61399841308594
-142.476944
-145.12399291992188
-138.44500732421875
142.868
140.29800415039062
124.851997375
-5.441118
30.100000381469727
-61.5283
28.751944
-151.70399475098
-110.681998
34.131901
32.500556
74.814147
75.547211
-72.6515
31.522499
-82.371200561523
72.851613
-98.03859710690001
32.172472
29.911308
-1.125
-64.25160217285156
49.9768066406
26.3521995544
101.88200378418
120.697998047
33.724358
33.273981
137.031998
35.011416
57.4875
124.456496
-70.7791976929